0.0 0.0 0.0 0.0 0.0 0.0 0.0 0.0 0.0 0.0 0.0 0.0 0.0 0.0 0.0 0.0 0.0 0.0 0.0 0.0 0.0 0.0 0.0 0.0 0.0 0.0 0.0 0.0 0.0 0.0 0.0 0.0 0.0 0.0 0.0 0.0 0.0 0.0 0.0 0.0 0.0 0.0 0.0 0.0 0.0 0.0 0.0 0.0 0.0 0.0 0.0 0.0 0.0 0.0 0.0 0.0 0.0 0.0 0.0 0.0 0.0 0.0 0.0 0.0 
0.0 0.0 0.0 0.0 0.0 0.0 0.0 0.0 0.0 0.0 0.0 0.0 0.0 0.0 0.0 0.0 0.0 0.0 0.0 0.0 0.0 0.0 0.0 0.0 0.0 0.0 0.0 0.0 0.0 0.0 0.0 0.0 0.0 0.0 0.0 0.0 0.0 0.0 0.0 0.0 0.0 0.0 0.0 0.0 0.0 0.0 0.0 0.0 0.0 0.0 0.0 0.0 0.0 0.0 0.0 0.0 0.0 0.0 0.0 0.0 0.0 0.0 0.0 0.0 
0.0 0.0 0.0 0.0 0.0 0.0 0.0 0.0 0.0 0.0 0.0 0.0 0.0 0.0 0.0 0.0 0.0 0.0 0.0 0.0 0.0 0.0 0.0 0.0 0.0 0.0 0.0 0.0 0.0 0.0 0.0 0.0 0.0 0.0 0.0 0.0 0.0 0.0 0.0 0.0 0.0 0.0 0.0 0.0 0.0 0.0 0.0 0.0 0.0 0.0 0.0 0.0 0.0 0.0 0.0 0.0 0.0 0.0 0.0 0.0 0.0 0.0 0.0 0.0 
0.0 0.0 0.0 0.0 0.0 0.0 0.0 0.0 0.0 0.0 0.0 0.0 0.0 0.0 0.0 0.0 0.0 0.0 0.0 0.0 0.0 0.0 0.0 0.0 0.0 0.0 0.0 0.0 0.0 0.0 0.0 0.0 0.0 0.0 0.0 0.0 0.0 0.0 0.0 0.0 0.0 0.0 0.0 0.0 0.0 0.0 0.0 0.0 0.0 0.0 0.0 0.0 0.0 0.0 0.0 0.0 0.0 0.0 0.0 0.0 0.0 0.0 0.0 0.0 
0.0 0.0 0.0 0.0 0.0 0.0 0.0 0.0 0.0 0.0 0.0 0.0 0.0 0.0 0.0 0.0 0.0 0.0 0.0 0.0 0.0 0.0 0.0 0.0 0.0 0.0 0.0 0.0 0.0 0.0 0.0 0.0 0.0 0.0 0.0 0.0 0.0 0.0 0.0 0.0 0.0 0.0 0.0 0.0 0.0 0.0 0.0 0.0 0.0 0.0 0.0 0.0 0.0 0.0 0.0 0.0 0.0 0.0 0.0 0.0 0.0 0.0 0.0 0.0 
0.0 0.0 0.0 0.0 0.0 0.0 0.0 0.0 0.0 0.0 0.0 0.0 0.0 0.0 0.0 0.0 0.0 0.0 0.0 0.0 0.0 0.0 0.0 0.0 0.0 0.0 0.0 0.0 0.0 0.0 0.0 0.0 0.0 0.0 0.0 0.0 0.0 0.0 0.0 0.0 0.0 0.0 0.0 0.0 0.0 0.0 0.0 0.0 0.0 0.0 0.0 0.0 0.0 0.0 0.0 0.0 0.0 0.0 0.0 0.0 0.0 0.0 0.0 0.0 
0.0 0.0 0.0 0.0 0.0 0.0 0.0 0.0 0.0 0.0 0.0 0.0 0.0 0.0 0.0 0.0 0.0 0.0 0.0 0.0 0.0 0.0 0.0 0.0 0.0 0.0 0.0 0.0 0.0 0.0 0.0 0.0 0.0 0.0 0.0 0.0 0.0 0.0 0.0 0.0 0.0 0.0 0.0 0.0 0.0 0.0 0.0 0.0 0.0 0.0 0.0 0.0 0.0 0.0 0.0 0.0 0.0 0.0 0.0 0.0 0.0 0.0 0.0 0.0 
0.0 0.0 0.0 0.0 0.0 0.0 0.0 0.0 0.0 0.0 0.0 0.0 0.0 0.0 0.0 0.0 0.0 0.0 0.0 0.0 0.0 0.0 0.0 0.0 0.0 0.0 0.0 0.0 0.0 0.0 0.0 0.0 0.0 0.0 0.0 0.0 0.0 0.0 0.0 0.0 0.0 0.0 0.0 0.0 0.0 0.0 0.0 0.0 0.0 0.0 0.0 0.0 0.0 0.0 0.0 0.0 0.0 0.0 0.0 0.0 0.0 0.0 0.0 0.0 
0.0 0.0 0.0 0.0 0.0 0.0 0.0 0.0 0.0 0.0 0.0 0.0 0.0 0.0 0.0 0.0 0.0 0.0 0.0 0.0 0.0 0.0 0.0 0.0 0.0 0.0 0.0 0.0 0.0 0.0 0.0 0.0 0.0 0.0 0.0 0.0 0.0 0.0 0.0 0.0 0.0 0.0 0.0 0.0 0.0 0.0 0.0 0.0 0.0 0.0 0.0 0.0 0.0 0.0 0.0 0.0 0.0 0.0 0.0 0.0 0.0 0.0 0.0 0.0 
0.0 0.0 0.0 0.0 0.0 0.0 0.0 0.0 0.0 0.0 0.0 0.0 0.0 0.0 0.0 0.0 0.0 0.0 0.0 0.0 0.0 0.0 0.0 0.0 0.0 0.0 0.0 0.0 0.0 0.0 0.0 0.0 0.0 0.0 0.0 0.0 0.0 0.0 0.0 0.0 0.0 0.0 0.0 0.0 0.0 0.0 0.0 0.0 0.0 0.0 0.0 0.0 0.0 0.0 0.0 0.0 0.0 0.0 0.0 0.0 0.0 0.0 0.0 0.0 
0.0 0.0 0.0 0.0 0.0 0.0 0.0 0.0 0.0 0.0 0.0 0.0 0.0 0.0 0.0 0.0 0.0 0.0 0.0 0.0 0.0 0.0 0.0 0.0 0.0 0.0 0.0 0.0 0.0 0.0 0.0 0.0 0.0 0.0 0.0 0.0 0.0 0.0 0.0 0.0 0.0 0.0 0.0 0.0 0.0 0.0 0.0 0.0 0.0 0.0 0.0 0.0 0.0 0.0 0.0 0.0 0.0 0.0 0.0 0.0 0.0 0.0 0.0 0.0 
0.0 0.0 0.0 0.0 0.0 0.0 0.0 0.0 0.0 0.0 0.0 0.0 0.0 0.0 0.0 0.0 0.0 0.0 0.0 0.0 0.0 0.0 0.0 0.0 0.0 0.0 0.0 0.0 0.0 0.0 0.0 0.0 0.0 0.0 0.0 0.0 0.0 0.0 0.0 0.0 0.0 0.0 0.0 0.0 0.0 0.0 0.0 0.0 0.0 0.0 0.0 0.0 0.0 0.0 0.0 0.0 0.0 0.0 0.0 0.0 0.0 0.0 0.0 0.0 
0.0 0.0 0.0 0.0 0.0 0.0 0.0 0.0 0.0 0.0 0.0 0.0 0.0 0.0 0.0 0.0 0.0 0.3966666666666656 1.1899999999999968 1.5866666666666625 1.5866666666666625 1.5866666666666625 1.5866666666666625 1.5866666666666625 1.5866666666666625 1.5866666666666625 1.5866666666666625 1.5866666666666625 1.5866666666666625 1.5866666666666625 1.5866666666666625 1.5866666666666625 1.5866666666666625 1.5866666666666625 1.5866666666666625 1.5866666666666625 1.5866666666666625 1.5866666666666625 1.5866666666666625 1.5866666666666625 1.5866666666666625 1.5866666666666625 1.5866666666666625 1.189999999999995 0.39666666666666384 0.0 0.0 0.0 0.0 0.0 0.0 0.0 0.0 0.0 0.0 0.0 0.0 0.0 0.0 0.0 0.0 0.0 0.0 0.0 
0.0 0.0 0.0 0.0 0.0 0.0 0.0 0.0 0.0 0.0 0.0 0.0 0.0 0.0 0.0 0.0 0.0 0.7933333333333294 2.4833333333333227 3.3799999999999866 3.3799999999999866 3.3799999999999866 3.3799999999999866 3.3799999999999866 3.3799999999999866 3.3799999999999866 3.3799999999999866 3.3799999999999866 3.3799999999999866 3.3799999999999866 3.3799999999999866 3.3799999999999866 3.3799999999999866 3.3799999999999866 3.3799999999999866 3.3799999999999866 3.3799999999999866 3.3799999999999866 3.3799999999999866 3.3799999999999937 3.3799999999999937 3.3799999999999866 3.3799999999999866 2.586666666666657 0.8966666666666656 0.0 0.0 0.0 0.0 0.0 0.0 0.0 0.0 0.0 0.0 0.0 0.0 0.0 0.0 0.0 0.0 0.0 0.0 0.0 
0.0 0.0 0.0 0.0 0.0 0.0 0.0 0.0 0.0 0.0 0.0 0.0 0.0 0.0 0.0 0.0 0.0 0.7933333333333294 2.586666666666666 3.586666666666666 3.586666666666659 3.586666666666659 3.586666666666659 3.586666666666659 3.586666666666659 3.586666666666659 3.586666666666659 3.586666666666659 3.586666666666659 3.586666666666659 3.586666666666659 3.586666666666659 3.586666666666659 3.586666666666659 3.586666666666659 3.586666666666659 3.586666666666659 3.586666666666659 3.586666666666659 3.586666666666659 3.586666666666652 3.586666666666659 3.586666666666659 2.7933333333333294 1.0 0.0 0.0 0.0 0.0 0.0 0.0 0.0 0.0 0.0 0.0 0.0 0.0 0.0 0.0 0.0 0.0 0.0 0.0 0.0 
0.0 0.0 0.0 0.0 0.0 0.0 0.0 0.0 0.0 0.0 0.0 0.0 0.0 0.0 0.0 0.0 0.0 0.7933333333333294 2.586666666666659 3.586666666666652 3.586666666666659 3.586666666666659 3.586666666666659 3.586666666666659 3.586666666666659 3.586666666666659 3.586666666666659 3.586666666666659 3.586666666666659 3.586666666666659 3.586666666666659 3.586666666666659 3.586666666666659 3.586666666666659 3.586666666666659 3.586666666666659 3.586666666666659 3.586666666666659 3.586666666666659 3.586666666666659 3.586666666666659 3.586666666666659 3.586666666666659 2.7933333333333294 1.0 0.0 0.0 0.0 0.0 0.0 0.0 0.0 0.0 0.0 0.0 0.0 0.0 0.0 0.0 0.0 0.0 0.0 0.0 0.0 
0.0 0.0 0.0 0.0 0.0 0.0 0.0 0.0 0.0 0.0 0.0 0.0 0.0 0.0 0.0 0.0 0.0 0.7933333333333294 2.586666666666659 3.586666666666659 3.586666666666659 3.586666666666659 3.586666666666659 3.586666666666659 3.586666666666659 3.586666666666659 3.586666666666659 3.586666666666659 3.586666666666659 3.586666666666659 3.586666666666659 3.586666666666659 3.586666666666659 3.586666666666659 3.586666666666659 3.586666666666659 3.586666666666659 3.586666666666659 3.586666666666659 3.586666666666659 3.586666666666659 3.586666666666659 3.586666666666659 2.7933333333333294 1.0 0.0 0.0 0.0 0.0 0.0 0.0 0.0 0.0 0.0 0.0 0.0 0.0 0.0 0.0 0.0 0.0 0.0 0.0 0.0 
0.0 0.0 0.0 0.0 0.0 0.0 0.0 0.0 0.0 0.0 0.0 0.0 0.0 0.0 0.0 0.0 0.0 0.7933333333333294 2.586666666666659 3.586666666666652 3.5866666666666447 3.586666666666652 3.586666666666659 3.586666666666659 3.586666666666652 3.5866666666666447 3.5866666666666447 3.5866666666666447 3.5866666666666447 3.5866666666666447 3.5866666666666447 3.5866666666666447 3.5866666666666447 3.5866666666666447 3.5866666666666447 3.5866666666666447 3.5866666666666447 3.5866666666666447 3.5866666666666447 3.586666666666652 3.586666666666659 3.586666666666652 3.586666666666652 2.793333333333326 0.9999999999999964 0.0 0.0 0.0 0.0 0.0 0.0 0.0 0.0 0.0 0.0 0.0 0.0 0.0 0.0 0.0 0.0 0.0 0.0 0.0 
0.0 0.0 0.0 0.0 0.0 0.0 0.0 0.0 0.0 0.0 0.0 0.0 0.0 0.0 0.0 0.0 0.0 0.7933333333333294 2.586666666666659 3.586666666666659 3.586666666666666 3.586666666666666 3.586666666666659 3.586666666666659 3.586666666666659 3.586666666666666 3.586666666666666 3.586666666666666 3.586666666666666 3.586666666666666 3.586666666666666 3.586666666666666 3.586666666666666 3.586666666666666 3.586666666666666 3.586666666666666 3.586666666666666 3.586666666666666 3.586666666666666 3.586666666666666 3.586666666666659 3.586666666666659 3.586666666666666 2.7933333333333294 1.0000000000000036 0.0 0.0 0.0 0.0 0.0 0.0 0.0 0.0 0.0 0.0 0.0 0.0 0.0 0.0 0.0 0.0 0.0 0.0 0.0 
0.0 0.0 0.0 0.0 0.0 0.0 0.0 0.0 0.0 0.0 0.0 0.0 0.0 0.0 0.0 0.0 0.0 0.7933333333333294 2.586666666666659 3.586666666666659 3.586666666666659 3.586666666666659 3.586666666666659 3.586666666666659 3.586666666666659 3.586666666666659 3.586666666666659 3.586666666666659 3.586666666666659 3.586666666666659 3.586666666666659 3.586666666666659 3.586666666666659 3.586666666666659 3.586666666666659 3.586666666666659 3.586666666666659 3.586666666666659 3.586666666666659 3.586666666666659 3.586666666666659 3.586666666666659 3.586666666666659 2.7933333333333294 1.0 0.0 0.0 0.0 0.0 0.0 0.0 0.0 0.0 0.0 0.0 0.0 0.0 0.0 0.0 0.0 0.0 0.0 0.0 0.0 
0.0 0.0 0.0 0.0 0.0 0.0 0.0 0.0 0.0 0.0 0.0 0.0 0.0 0.0 0.0 0.0 0.0 0.7933333333333294 2.586666666666659 3.586666666666659 3.586666666666659 3.586666666666659 3.586666666666659 3.586666666666659 3.586666666666659 3.586666666666659 3.586666666666659 3.586666666666659 3.586666666666659 3.586666666666659 3.586666666666659 3.586666666666659 3.586666666666659 3.586666666666659 3.586666666666659 3.586666666666659 3.586666666666659 3.586666666666659 3.586666666666659 3.586666666666659 3.586666666666659 3.586666666666659 3.586666666666659 2.7933333333333294 1.0 0.0 0.0 0.0 0.0 0.0 0.0 0.0 0.0 0.0 0.0 0.0 0.0 0.0 0.0 0.0 0.0 0.0 0.0 0.0 
0.0 0.0 0.0 0.0 0.0 0.0 0.0 0.0 0.0 0.0 0.0 0.0 0.0 0.0 0.0 0.0 0.0 0.7933333333333294 2.586666666666659 3.586666666666659 3.586666666666659 3.586666666666659 3.586666666666659 3.586666666666659 3.586666666666659 3.586666666666659 3.586666666666659 3.586666666666659 3.586666666666659 3.586666666666659 3.586666666666659 3.586666666666659 3.586666666666659 3.586666666666659 3.586666666666659 3.586666666666659 3.586666666666659 3.586666666666659 3.586666666666659 3.586666666666659 3.586666666666659 3.586666666666659 3.586666666666659 2.7933333333333294 1.0 0.0 0.0 0.0 0.0 0.0 0.0 0.0 0.0 0.0 0.0 0.0 0.0 0.0 0.0 0.0 0.0 0.0 0.0 0.0 
0.0 0.0 0.0 0.0 0.0 0.0 0.0 0.0 0.0 0.0 0.0 0.0 0.0 0.0 0.0 0.0 0.0 0.7933333333333294 2.586666666666659 3.586666666666659 3.586666666666659 3.586666666666652 3.586666666666652 3.586666666666659 3.586666666666652 3.5866666666666447 3.5866666666666447 3.5866666666666447 3.5866666666666447 3.5866666666666447 3.5866666666666447 3.5866666666666447 3.5866666666666447 3.5866666666666447 3.5866666666666447 3.5866666666666447 3.5866666666666447 3.586666666666652 3.586666666666652 3.5866666666666447 3.5866666666666447 3.586666666666652 3.586666666666659 2.7933333333333294 1.0 0.0 0.0 0.0 0.0 0.0 0.0 0.0 0.0 0.0 0.0 0.0 0.0 0.0 0.0 0.0 0.0 0.0 0.0 0.0 
0.0 0.0 0.0 0.0 0.0 0.0 0.0 0.0 0.0 0.0 0.0 0.0 0.0 0.0 0.0 0.0 0.0 0.7933333333333294 2.586666666666659 3.586666666666659 3.586666666666659 3.586666666666659 3.586666666666666 3.586666666666659 3.586666666666659 3.586666666666666 3.586666666666666 3.586666666666666 3.586666666666666 3.586666666666666 3.586666666666666 3.586666666666666 3.586666666666666 3.586666666666666 3.586666666666666 3.586666666666666 3.586666666666666 3.586666666666666 3.586666666666659 3.586666666666666 3.586666666666666 3.586666666666666 3.586666666666659 2.7933333333333294 1.0 0.0 0.0 0.0 0.0 0.0 0.0 0.0 0.0 0.0 0.0 0.0 0.0 0.0 0.0 0.0 0.0 0.0 0.0 0.0 
0.0 0.0 0.0 0.0 0.0 0.0 0.0 0.0 0.0 0.0 0.0 0.0 0.0 0.0 0.0 0.0 0.0 0.7933333333333294 2.586666666666659 3.586666666666659 3.586666666666659 3.586666666666659 3.586666666666659 3.586666666666659 3.586666666666659 3.586666666666659 3.586666666666659 3.586666666666659 3.586666666666659 3.586666666666659 3.586666666666659 3.586666666666659 3.586666666666659 3.586666666666659 3.586666666666659 3.586666666666659 3.586666666666659 3.586666666666659 3.586666666666659 3.586666666666659 3.586666666666659 3.586666666666659 3.586666666666659 2.7933333333333294 1.0 0.0 0.0 0.0 0.0 0.0 0.0 0.0 0.0 0.0 0.0 0.0 0.0 0.0 0.0 0.0 0.0 0.0 0.0 0.0 
0.0 0.0 0.0 0.0 0.0 0.0 0.0 0.0 0.0 0.0 0.0 0.0 0.0 0.0 0.0 0.0 0.0 0.7933333333333294 2.586666666666659 3.586666666666659 3.586666666666659 3.586666666666659 3.586666666666659 3.586666666666659 3.586666666666659 3.586666666666659 3.586666666666659 3.586666666666659 3.586666666666659 3.586666666666659 3.586666666666659 3.586666666666659 3.586666666666659 3.586666666666659 3.586666666666659 3.586666666666659 3.586666666666659 3.586666666666659 3.586666666666659 3.586666666666659 3.586666666666659 3.586666666666659 3.586666666666659 2.7933333333333294 1.0 0.0 0.0 0.0 0.0 0.0 0.0 0.0 0.0 0.0 0.0 0.0 0.0 0.0 0.0 0.0 0.0 0.0 0.0 0.0 
0.0 0.0 0.0 0.0 0.0 0.0 0.0 0.0 0.0 0.0 0.0 0.0 0.0 0.0 0.0 0.0 0.0 0.7933333333333294 2.586666666666659 3.586666666666659 3.586666666666659 3.586666666666659 3.586666666666659 3.586666666666659 3.586666666666659 3.586666666666659 3.586666666666659 3.586666666666659 3.586666666666659 3.586666666666659 3.586666666666659 3.586666666666659 3.586666666666659 3.586666666666659 3.586666666666659 3.586666666666659 3.586666666666659 3.586666666666659 3.586666666666659 3.586666666666659 3.586666666666659 3.586666666666659 3.586666666666659 2.7933333333333294 1.0 0.0 0.0 0.0 0.0 0.0 0.0 0.0 0.0 0.0 0.0 0.0 0.0 0.0 0.0 0.0 0.0 0.0 0.0 0.0 
0.0 0.0 0.0 0.0 0.0 0.0 0.0 0.0 0.0 0.0 0.0 0.0 0.0 0.0 0.0 0.0 0.0 0.7933333333333294 2.586666666666659 3.586666666666659 3.586666666666659 3.586666666666659 3.586666666666659 3.586666666666659 3.586666666666659 3.586666666666659 3.586666666666659 3.586666666666659 3.586666666666659 3.586666666666659 3.586666666666659 3.586666666666659 3.586666666666659 3.586666666666659 3.586666666666659 3.586666666666659 3.586666666666659 3.586666666666659 3.586666666666659 3.586666666666659 3.586666666666659 3.586666666666659 3.586666666666659 2.7933333333333294 1.0 0.0 0.0 0.0 0.0 0.0 0.0 0.0 0.0 0.0 0.0 0.0 0.0 0.0 0.0 0.0 0.0 0.0 0.0 0.0 
0.0 0.0 0.0 0.0 0.0 0.0 0.0 0.0 0.0 0.0 0.0 0.0 0.0 0.0 0.0 0.0 0.0 0.7933333333333294 2.586666666666659 3.586666666666659 3.586666666666659 3.586666666666659 3.586666666666659 3.586666666666659 3.586666666666659 3.586666666666659 3.586666666666652 3.586666666666652 3.586666666666659 3.586666666666659 3.586666666666659 3.586666666666659 3.586666666666659 3.586666666666659 3.586666666666659 3.586666666666652 3.586666666666652 3.586666666666659 3.586666666666659 3.586666666666659 3.586666666666659 3.586666666666659 3.586666666666659 2.7933333333333294 1.0 0.0 0.0 0.0 0.0 0.0 0.0 0.0 0.0 0.0 0.0 0.0 0.0 0.0 0.0 0.0 0.0 0.0 0.0 0.0 
0.0 0.0 0.0 0.0 0.0 0.0 0.0 0.0 0.0 0.0 0.0 0.0 0.0 0.0 0.0 0.0 0.0 0.7933333333333294 2.586666666666659 3.586666666666659 3.586666666666659 3.586666666666659 3.586666666666659 3.586666666666659 3.586666666666659 3.586666666666659 3.586666666666659 3.586666666666666 3.586666666666659 3.586666666666659 3.586666666666659 3.586666666666659 3.586666666666659 3.586666666666659 3.586666666666659 3.586666666666659 3.586666666666666 3.586666666666659 3.586666666666659 3.586666666666659 3.586666666666659 3.586666666666659 3.586666666666659 2.7933333333333294 1.0 0.0 0.0 0.0 0.0 0.0 0.0 0.0 0.0 0.0 0.0 0.0 0.0 0.0 0.0 0.0 0.0 0.0 0.0 0.0 
0.0 0.0 0.0 0.0 0.0 0.0 0.0 0.0 0.0 0.0 0.0 0.0 0.0 0.0 0.0 0.0 0.0 0.7933333333333294 2.586666666666659 3.586666666666659 3.586666666666659 3.586666666666659 3.586666666666659 3.586666666666659 3.586666666666659 3.586666666666659 3.586666666666659 3.586666666666659 3.586666666666659 3.586666666666659 3.586666666666659 3.586666666666659 3.586666666666659 3.586666666666659 3.586666666666659 3.586666666666659 3.586666666666659 3.586666666666659 3.586666666666659 3.586666666666659 3.586666666666659 3.586666666666659 3.586666666666659 2.7933333333333294 1.0 0.0 0.0 0.0 0.0 0.0 0.0 0.0 0.0 0.0 0.0 0.0 0.0 0.0 0.0 0.0 0.0 0.0 0.0 0.0 
0.0 0.0 0.0 0.0 0.0 0.0 0.0 0.0 0.0 0.0 0.0 0.0 0.0 0.0 0.0 0.0 0.0 0.7933333333333294 2.586666666666659 3.586666666666659 3.586666666666659 3.586666666666659 3.586666666666659 3.586666666666659 3.586666666666659 3.586666666666659 3.586666666666659 3.586666666666659 3.586666666666659 3.586666666666659 3.586666666666659 3.586666666666659 3.586666666666659 3.586666666666659 3.586666666666659 3.586666666666659 3.586666666666659 3.586666666666659 3.586666666666659 3.586666666666659 3.586666666666659 3.586666666666659 3.586666666666659 2.7933333333333294 1.0 0.0 0.0 0.0 0.0 0.0 0.0 0.0 0.0 0.0 0.0 0.0 0.0 0.0 0.0 0.0 0.0 0.0 0.0 0.0 
0.0 0.0 0.0 0.0 0.0 0.0 0.0 0.0 0.0 0.0 0.0 0.0 0.0 0.0 0.0 0.0 0.0 0.7933333333333294 2.586666666666659 3.586666666666659 3.586666666666659 3.586666666666659 3.586666666666659 3.586666666666659 3.586666666666659 3.586666666666659 3.586666666666659 3.586666666666659 3.586666666666659 3.586666666666659 3.586666666666659 3.586666666666659 3.586666666666659 3.586666666666659 3.586666666666659 3.586666666666659 3.586666666666659 3.586666666666659 3.586666666666659 3.586666666666659 3.586666666666659 3.586666666666659 3.586666666666659 2.7933333333333294 1.0 0.0 0.0 0.0 0.0 0.0 0.0 0.0 0.0 0.0 0.0 0.0 0.0 0.0 0.0 0.0 0.0 0.0 0.0 0.0 
0.0 0.0 0.0 0.0 0.0 0.0 0.0 0.0 0.0 0.0 0.0 0.0 0.0 0.0 0.0 0.0 0.0 0.7933333333333294 2.586666666666659 3.586666666666659 3.586666666666659 3.586666666666659 3.586666666666659 3.586666666666659 3.586666666666659 3.586666666666659 3.586666666666659 3.586666666666659 3.586666666666659 3.586666666666659 3.586666666666659 3.586666666666659 3.586666666666659 3.586666666666659 3.586666666666659 3.586666666666659 3.586666666666659 3.586666666666659 3.586666666666659 3.586666666666659 3.586666666666659 3.586666666666659 3.586666666666659 2.7933333333333294 1.0 0.0 0.0 0.0 0.0 0.0 0.0 0.0 0.0 0.0 0.0 0.0 0.0 0.0 0.0 0.0 0.0 0.0 0.0 0.0 
0.0 0.0 0.0 0.0 0.0 0.0 0.0 0.0 0.0 0.0 0.0 0.0 0.0 0.0 0.0 0.0 0.0 0.7933333333333294 2.586666666666659 3.586666666666659 3.586666666666659 3.586666666666659 3.586666666666659 3.586666666666659 3.586666666666659 3.586666666666659 3.586666666666659 3.586666666666659 3.586666666666659 3.586666666666659 3.586666666666659 3.586666666666659 3.586666666666659 3.586666666666659 3.586666666666659 3.586666666666659 3.586666666666659 3.586666666666659 3.586666666666659 3.586666666666659 3.586666666666659 3.586666666666659 3.586666666666659 2.7933333333333294 1.0 0.0 0.0 0.0 0.0 0.0 0.0 0.0 0.0 0.0 0.0 0.0 0.0 0.0 0.0 0.0 0.0 0.0 0.0 0.0 
0.0 0.0 0.0 0.0 0.0 0.0 0.0 0.0 0.0 0.0 0.0 0.0 0.0 0.0 0.0 0.0 0.0 0.7933333333333294 2.586666666666659 3.586666666666659 3.586666666666659 3.586666666666659 3.586666666666659 3.586666666666659 3.586666666666659 3.586666666666659 3.586666666666659 3.586666666666659 3.586666666666659 3.586666666666659 3.586666666666659 3.586666666666659 3.586666666666659 3.586666666666659 3.586666666666659 3.586666666666659 3.586666666666659 3.586666666666659 3.586666666666659 3.586666666666659 3.586666666666659 3.586666666666659 3.586666666666659 2.7933333333333294 1.0 0.0 0.0 0.0 0.0 0.0 0.0 0.0 0.0 0.0 0.0 0.0 0.0 0.0 0.0 0.0 0.0 0.0 0.0 0.0 
0.0 0.0 0.0 0.0 0.0 0.0 0.0 0.0 0.0 0.0 0.0 0.0 0.0 0.0 0.0 0.0 0.0 0.7933333333333294 2.586666666666659 3.586666666666659 3.586666666666659 3.586666666666659 3.586666666666659 3.586666666666659 3.586666666666659 3.586666666666659 3.586666666666659 3.586666666666659 3.586666666666659 3.586666666666659 3.586666666666659 3.586666666666659 3.586666666666659 3.586666666666659 3.586666666666659 3.586666666666659 3.586666666666659 3.586666666666659 3.586666666666659 3.586666666666659 3.586666666666659 3.586666666666659 3.586666666666659 2.7933333333333294 1.0 0.0 0.0 0.0 0.0 0.0 0.0 0.0 0.0 0.0 0.0 0.0 0.0 0.0 0.0 0.0 0.0 0.0 0.0 0.0 
0.0 0.0 0.0 0.0 0.0 0.0 0.0 0.0 0.0 0.0 0.0 0.0 0.0 0.0 0.0 0.0 0.0 0.7933333333333294 2.586666666666659 3.586666666666659 3.586666666666659 3.586666666666659 3.586666666666659 3.586666666666659 3.586666666666659 3.586666666666659 3.586666666666659 3.586666666666659 3.586666666666659 3.586666666666659 3.586666666666659 3.586666666666659 3.586666666666659 3.586666666666659 3.586666666666659 3.586666666666659 3.586666666666659 3.586666666666659 3.586666666666659 3.586666666666659 3.586666666666659 3.586666666666659 3.586666666666659 2.7933333333333294 1.0 0.0 0.0 0.0 0.0 0.0 0.0 0.0 0.0 0.0 0.0 0.0 0.0 0.0 0.0 0.0 0.0 0.0 0.0 0.0 
0.0 0.0 0.0 0.0 0.0 0.0 0.0 0.0 0.0 0.0 0.0 0.0 0.0 0.0 0.0 0.0 0.0 0.3966666666666647 1.3966666666666647 2.0 2.0 2.0 2.0 2.0 2.0 2.0 2.0 2.0 2.0 2.0 2.0 2.0 2.0 2.0 2.0 2.0 2.0 2.0 2.0 2.0 2.0 2.0 2.0 1.6033333333333353 0.6033333333333353 0.0 0.0 0.0 0.0 0.0 0.0 0.0 0.0 0.0 0.0 0.0 0.0 0.0 0.0 0.0 0.0 0.0 0.0 0.0 
0.0 0.0 0.0 0.0 0.0 0.0 0.0 0.0 0.0 0.0 0.0 0.0 0.0 0.0 0.0 0.0 0.0 0.0 0.10333333333333528 0.20666666666667055 0.20666666666667055 0.20666666666667055 0.20666666666667055 0.20666666666667055 0.20666666666667055 0.20666666666667055 0.20666666666667055 0.20666666666667055 0.20666666666667055 0.20666666666667055 0.20666666666667055 0.20666666666667055 0.20666666666667055 0.20666666666667055 0.20666666666667055 0.20666666666667055 0.20666666666667055 0.20666666666667055 0.20666666666667055 0.20666666666667055 0.20666666666667055 0.20666666666667055 0.20666666666667055 0.20666666666667055 0.10333333333333528 0.0 0.0 0.0 0.0 0.0 0.0 0.0 0.0 0.0 0.0 0.0 0.0 0.0 0.0 0.0 0.0 0.0 0.0 0.0 
0.0 0.0 0.0 0.0 0.0 0.0 0.0 0.0 0.0 0.0 0.0 0.0 0.0 0.0 0.0 0.0 0.0 0.0 0.0 0.0 0.0 0.0 0.0 0.0 0.0 0.0 0.0 0.0 0.0 0.0 0.0 0.0 0.0 0.0 0.0 0.0 0.0 0.0 0.0 0.0 0.0 0.0 0.0 0.0 0.0 0.0 0.0 0.0 0.0 0.0 0.0 0.0 0.0 0.0 0.0 0.0 0.0 0.0 0.0 0.0 0.0 0.0 0.0 0.0 
0.0 0.0 0.0 0.0 0.0 0.0 0.0 0.0 0.0 0.0 0.0 0.0 0.0 0.0 0.0 0.0 0.0 0.0 0.0 0.0 0.0 0.0 0.0 0.0 0.0 0.0 0.0 0.0 0.0 0.0 0.0 0.0 0.0 0.0 0.0 0.0 0.0 0.0 0.0 0.0 0.0 0.0 0.0 0.0 0.0 0.0 0.0 0.0 0.0 0.0 0.0 0.0 0.0 0.0 0.0 0.0 0.0 0.0 0.0 0.0 0.0 0.0 0.0 0.0 
0.0 0.0 0.0 0.0 0.0 0.0 0.0 0.0 0.0 0.0 0.0 0.0 0.0 0.0 0.0 0.0 0.0 0.0 0.0 0.0 0.0 0.0 0.0 0.0 0.0 0.0 0.0 0.0 0.0 0.0 0.0 0.0 0.0 0.0 0.0 0.0 0.0 0.0 0.0 0.0 0.0 0.0 0.0 0.0 0.0 0.0 0.0 0.0 0.0 0.0 0.0 0.0 0.0 0.0 0.0 0.0 0.0 0.0 0.0 0.0 0.0 0.0 0.0 0.0 
0.0 0.0 0.0 0.0 0.0 0.0 0.0 0.0 0.0 0.0 0.0 0.0 0.0 0.0 0.0 0.0 0.0 0.0 0.0 0.0 0.0 0.0 0.0 0.0 0.0 0.0 0.0 0.0 0.0 0.0 0.0 0.0 0.0 0.0 0.0 0.0 0.0 0.0 0.0 0.0 0.0 0.0 0.0 0.0 0.0 0.0 0.0 0.0 0.0 0.0 0.0 0.0 0.0 0.0 0.0 0.0 0.0 0.0 0.0 0.0 0.0 0.0 0.0 0.0 
0.0 0.0 0.0 0.0 0.0 0.0 0.0 0.0 0.0 0.0 0.0 0.0 0.0 0.0 0.0 0.0 0.0 0.0 0.0 0.0 0.0 0.0 0.0 0.0 0.0 0.0 0.0 0.0 0.0 0.0 0.0 0.0 0.0 0.0 0.0 0.0 0.0 0.0 0.0 0.0 0.0 0.0 0.0 0.0 0.0 0.0 0.0 0.0 0.0 0.0 0.0 0.0 0.0 0.0 0.0 0.0 0.0 0.0 0.0 0.0 0.0 0.0 0.0 0.0 
0.0 0.0 0.0 0.0 0.0 0.0 0.0 0.0 0.0 0.0 0.0 0.0 0.0 0.0 0.0 0.0 0.0 0.0 0.0 0.0 0.0 0.0 0.0 0.0 0.0 0.0 0.0 0.0 0.0 0.0 0.0 0.0 0.0 0.0 0.0 0.0 0.0 0.0 0.0 0.0 0.0 0.0 0.0 0.0 0.0 0.0 0.0 0.0 0.0 0.0 0.0 0.0 0.0 0.0 0.0 0.0 0.0 0.0 0.0 0.0 0.0 0.0 0.0 0.0 
0.0 0.0 0.0 0.0 0.0 0.0 0.0 0.0 0.0 0.0 0.0 0.0 0.0 0.0 0.0 0.0 0.0 0.0 0.0 0.0 0.0 0.0 0.0 0.0 0.0 0.0 0.0 0.0 0.0 0.0 0.0 0.0 0.0 0.0 0.0 0.0 0.0 0.0 0.0 0.0 0.0 0.0 0.0 0.0 0.0 0.0 0.0 0.0 0.0 0.0 0.0 0.0 0.0 0.0 0.0 0.0 0.0 0.0 0.0 0.0 0.0 0.0 0.0 0.0 
0.0 0.0 0.0 0.0 0.0 0.0 0.0 0.0 0.0 0.0 0.0 0.0 0.0 0.0 0.0 0.0 0.0 0.0 0.0 0.0 0.0 0.0 0.0 0.0 0.0 0.0 0.0 0.0 0.0 0.0 0.0 0.0 0.0 0.0 0.0 0.0 0.0 0.0 0.0 0.0 0.0 0.0 0.0 0.0 0.0 0.0 0.0 0.0 0.0 0.0 0.0 0.0 0.0 0.0 0.0 0.0 0.0 0.0 0.0 0.0 0.0 0.0 0.0 0.0 
0.0 0.0 0.0 0.0 0.0 0.0 0.0 0.0 0.0 0.0 0.0 0.0 0.0 0.0 0.0 0.0 0.0 0.0 0.0 0.0 0.0 0.0 0.0 0.0 0.0 0.0 0.0 0.0 0.0 0.0 0.0 0.0 0.0 0.0 0.0 0.0 0.0 0.0 0.0 0.0 0.0 0.0 0.0 0.0 0.0 0.0 0.0 0.0 0.0 0.0 0.0 0.0 0.0 0.0 0.0 0.0 0.0 0.0 0.0 0.0 0.0 0.0 0.0 0.0 
0.0 0.0 0.0 0.0 0.0 0.0 0.0 0.0 0.0 0.0 0.0 0.0 0.0 0.0 0.0 0.0 0.0 0.0 0.0 0.0 0.0 0.0 0.0 0.0 0.0 0.0 0.0 0.0 0.0 0.0 0.0 0.0 0.0 0.0 0.0 0.0 0.0 0.0 0.0 0.0 0.0 0.0 0.0 0.0 0.0 0.0 0.0 0.0 0.0 0.0 0.0 0.0 0.0 0.0 0.0 0.0 0.0 0.0 0.0 0.0 0.0 0.0 0.0 0.0 
0.0 0.0 0.0 0.0 0.0 0.0 0.0 0.0 0.0 0.0 0.0 0.0 0.0 0.0 0.0 0.0 0.0 0.0 0.0 0.0 0.0 0.0 0.0 0.0 0.0 0.0 0.0 0.0 0.0 0.0 0.0 0.0 0.0 0.0 0.0 0.0 0.0 0.0 0.0 0.0 0.0 0.0 0.0 0.0 0.0 0.0 0.0 0.0 0.0 0.0 0.0 0.0 0.0 0.0 0.0 0.0 0.0 0.0 0.0 0.0 0.0 0.0 0.0 0.0 
0.0 0.0 0.0 0.0 0.0 0.0 0.0 0.0 0.0 0.0 0.0 0.0 0.0 0.0 0.0 0.0 0.0 0.0 0.0 0.0 0.0 0.0 0.0 0.0 0.0 0.0 0.0 0.0 0.0 0.0 0.0 0.0 0.0 0.0 0.0 0.0 0.0 0.0 0.0 0.0 0.0 0.0 0.0 0.0 0.0 0.0 0.0 0.0 0.0 0.0 0.0 0.0 0.0 0.0 0.0 0.0 0.0 0.0 0.0 0.0 0.0 0.0 0.0 0.0 
0.0 0.0 0.0 0.0 0.0 0.0 0.0 0.0 0.0 0.0 0.0 0.0 0.0 0.0 0.0 0.0 0.0 0.0 0.0 0.0 0.0 0.0 0.0 0.0 0.0 0.0 0.0 0.0 0.0 0.0 0.0 0.0 0.0 0.0 0.0 0.0 0.0 0.0 0.0 0.0 0.0 0.0 0.0 0.0 0.0 0.0 0.0 0.0 0.0 0.0 0.0 0.0 0.0 0.0 0.0 0.0 0.0 0.0 0.0 0.0 0.0 0.0 0.0 0.0 
0.0 0.0 0.0 0.0 0.0 0.0 0.0 0.0 0.0 0.0 0.0 0.0 0.0 0.0 0.0 0.0 0.0 0.0 0.0 0.0 0.0 0.0 0.0 0.0 0.0 0.0 0.0 0.0 0.0 0.0 0.0 0.0 0.0 0.0 0.0 0.0 0.0 0.0 0.0 0.0 0.0 0.0 0.0 0.0 0.0 0.0 0.0 0.0 0.0 0.0 0.0 0.0 0.0 0.0 0.0 0.0 0.0 0.0 0.0 0.0 0.0 0.0 0.0 0.0 
0.0 0.0 0.0 0.0 0.0 0.0 0.0 0.0 0.0 0.0 0.0 0.0 0.0 0.0 0.0 0.0 0.0 0.0 0.0 0.0 0.0 0.0 0.0 0.0 0.0 0.0 0.0 0.0 0.0 0.0 0.0 0.0 0.0 0.0 0.0 0.0 0.0 0.0 0.0 0.0 0.0 0.0 0.0 0.0 0.0 0.0 0.0 0.0 0.0 0.0 0.0 0.0 0.0 0.0 0.0 0.0 0.0 0.0 0.0 0.0 0.0 0.0 0.0 0.0 
0.0 0.0 0.0 0.0 0.0 0.0 0.0 0.0 0.0 0.0 0.0 0.0 0.0 0.0 0.0 0.0 0.0 0.0 0.0 0.0 0.0 0.0 0.0 0.0 0.0 0.0 0.0 0.0 0.0 0.0 0.0 0.0 0.0 0.0 0.0 0.0 0.0 0.0 0.0 0.0 0.0 0.0 0.0 0.0 0.0 0.0 0.0 0.0 0.0 0.0 0.0 0.0 0.0 0.0 0.0 0.0 0.0 0.0 0.0 0.0 0.0 0.0 0.0 0.0 
0.0 0.0 0.0 0.0 0.0 0.0 0.0 0.0 0.0 0.0 0.0 0.0 0.0 0.0 0.0 0.0 0.0 0.0 0.0 0.0 0.0 0.0 0.0 0.0 0.0 0.0 0.0 0.0 0.0 0.0 0.0 0.0 0.0 0.0 0.0 0.0 0.0 0.0 0.0 0.0 0.0 0.0 0.0 0.0 0.0 0.0 0.0 0.0 0.0 0.0 0.0 0.0 0.0 0.0 0.0 0.0 0.0 0.0 0.0 0.0 0.0 0.0 0.0 0.0 
0.0 0.0 0.0 0.0 0.0 0.0 0.0 0.0 0.0 0.0 0.0 0.0 0.0 0.0 0.0 0.0 0.0 0.0 0.0 0.0 0.0 0.0 0.0 0.0 0.0 0.0 0.0 0.0 0.0 0.0 0.0 0.0 0.0 0.0 0.0 0.0 0.0 0.0 0.0 0.0 0.0 0.0 0.0 0.0 0.0 0.0 0.0 0.0 0.0 0.0 0.0 0.0 0.0 0.0 0.0 0.0 0.0 0.0 0.0 0.0 0.0 0.0 0.0 0.0 
0.0 0.0 0.0 0.0 0.0 0.0 0.0 0.0 0.0 0.0 0.0 0.0 0.0 0.0 0.0 0.0 0.0 0.0 0.0 0.0 0.0 0.0 0.0 0.0 0.0 0.0 0.0 0.0 0.0 0.0 0.0 0.0 0.0 0.0 0.0 0.0 0.0 0.0 0.0 0.0 0.0 0.0 0.0 0.0 0.0 0.0 0.0 0.0 0.0 0.0 0.0 0.0 0.0 0.0 0.0 0.0 0.0 0.0 0.0 0.0 0.0 0.0 0.0 0.0 
0.0 0.0 0.0 0.0 0.0 0.0 0.0 0.0 0.0 0.0 0.0 0.0 0.0 0.0 0.0 0.0 0.0 0.0 0.0 0.0 0.0 0.0 0.0 0.0 0.0 0.0 0.0 0.0 0.0 0.0 0.0 0.0 0.0 0.0 0.0 0.0 0.0 0.0 0.0 0.0 0.0 0.0 0.0 0.0 0.0 0.0 0.0 0.0 0.0 0.0 0.0 0.0 0.0 0.0 0.0 0.0 0.0 0.0 0.0 0.0 0.0 0.0 0.0 0.0 
0.0 0.0 0.0 0.0 0.0 0.0 0.0 0.0 0.0 0.0 0.0 0.0 0.0 0.0 0.0 0.0 0.0 0.0 0.0 0.0 0.0 0.0 0.0 0.0 0.0 0.0 0.0 0.0 0.0 0.0 0.0 0.0 0.0 0.0 0.0 0.0 0.0 0.0 0.0 0.0 0.0 0.0 0.0 0.0 0.0 0.0 0.0 0.0 0.0 0.0 0.0 0.0 0.0 0.0 0.0 0.0 0.0 0.0 0.0 0.0 0.0 0.0 0.0 0.0 
0.0 0.0 0.0 0.0 0.0 0.0 0.0 0.0 0.0 0.0 0.0 0.0 0.0 0.0 0.0 0.0 0.0 0.0 0.0 0.0 0.0 0.0 0.0 0.0 0.0 0.0 0.0 0.0 0.0 0.0 0.0 0.0 0.0 0.0 0.0 0.0 0.0 0.0 0.0 0.0 0.0 0.0 0.0 0.0 0.0 0.0 0.0 0.0 0.0 0.0 0.0 0.0 0.0 0.0 0.0 0.0 0.0 0.0 0.0 0.0 0.0 0.0 0.0 0.0 
0.0 0.0 0.0 0.0 0.0 0.0 0.0 0.0 0.0 0.0 0.0 0.0 0.0 0.0 0.0 0.0 0.0 0.0 0.0 0.0 0.0 0.0 0.0 0.0 0.0 0.0 0.0 0.0 0.0 0.0 0.0 0.0 0.0 0.0 0.0 0.0 0.0 0.0 0.0 0.0 0.0 0.0 0.0 0.0 0.0 0.0 0.0 0.0 0.0 0.0 0.0 0.0 0.0 0.0 0.0 0.0 0.0 0.0 0.0 0.0 0.0 0.0 0.0 0.0 
0.0 0.0 0.0 0.0 0.0 0.0 0.0 0.0 0.0 0.0 0.0 0.0 0.0 0.0 0.0 0.0 0.0 0.0 0.0 0.0 0.0 0.0 0.0 0.0 0.0 0.0 0.0 0.0 0.0 0.0 0.0 0.0 0.0 0.0 0.0 0.0 0.0 0.0 0.0 0.0 0.0 0.0 0.0 0.0 0.0 0.0 0.0 0.0 0.0 0.0 0.0 0.0 0.0 0.0 0.0 0.0 0.0 0.0 0.0 0.0 0.0 0.0 0.0 0.0 
