0.0 0.0 0.0 0.0 0.0 0.0 0.0 0.0 0.0 0.0 0.0 0.0 0.0 0.0 0.0 0.0 0.0 0.0 0.0 0.0 0.0 0.0 0.0 0.0 0.0 0.0 0.0 0.0 0.0 0.0 0.0 0.0 0.0 0.0 0.0 0.0 0.0 0.0 0.0 0.0 0.0 0.0 0.0 0.0 0.0 0.0 0.0 0.0 0.0 0.0 0.0 0.0 0.0 0.0 0.0 0.0 0.0 0.0 0.0 0.0 0.0 0.0 0.0 0.0 
0.0 0.0 0.0 0.0 0.0 0.0 0.0 0.0 0.0 0.0 0.0 0.0 0.0 0.0 0.0 0.0 0.0 0.0 0.0 0.0 0.0 0.0 0.0 0.0 0.0 0.0 0.0 0.0 0.0 0.0 0.0 0.0 0.0 0.0 0.0 0.0 0.0 0.0 0.0 0.0 0.0 0.0 0.0 0.0 0.0 0.0 0.0 0.0 0.0 0.0 0.0 0.0 0.0 0.0 0.0 0.0 0.0 0.0 0.0 0.0 0.0 0.0 0.0 0.0 
0.0 0.0 0.0 0.0 0.0 0.0 0.0 0.0 0.0 0.0 0.0 0.0 0.0 0.0 0.0 0.0 0.0 0.0 0.0 0.0 0.0 0.0 0.0 0.0 0.0 0.0 0.0 0.0 0.0 0.0 0.0 0.0 0.0 0.0 0.0 0.0 0.0 0.0 0.0 0.0 0.0 0.0 0.0 0.0 0.0 0.0 0.0 0.0 0.0 0.0 0.0 0.0 0.0 0.0 0.0 0.0 0.0 0.0 0.0 0.0 0.0 0.0 0.0 0.0 
0.0 0.0 0.0 0.0 0.0 0.0 0.0 0.0 0.0 0.0 0.0 0.0 0.0 0.0 0.0 0.0 0.0 0.0 0.0 0.0 0.0 0.0 0.0 0.0 0.0 0.0 0.0 0.0 0.0 0.0 0.0 0.0 0.0 0.0 0.0 0.0 0.0 0.0 0.0 0.0 0.0 0.0 0.0 0.0 0.0 0.0 0.0 0.0 0.0 0.0 0.0 0.0 0.0 0.0 0.0 0.0 0.0 0.0 0.0 0.0 0.0 0.0 0.0 0.0 
0.0 0.0 0.0 0.0 0.0 0.0 0.0 0.0 0.0 0.0 0.0 0.0 0.0 0.0 0.0 0.0 0.0 0.0 0.0 0.0 0.0 0.0 0.0 0.0 0.0 0.0 0.0 0.0 0.0 0.0 0.0 0.0 0.0 0.0 0.0 0.0 0.0 0.0 0.0 0.0 0.0 0.0 0.0 0.0 0.0 0.0 0.0 0.0 0.0 0.0 0.0 0.0 0.0 0.0 0.0 0.0 0.0 0.0 0.0 0.0 0.0 0.0 0.0 0.0 
0.0 0.0 0.0 0.0 0.0 0.0 0.0 0.0 0.0 0.0 0.0 0.0 0.0 0.0 0.0 0.0 0.0 0.0 0.0 0.0 0.0 0.0 0.0 0.0 0.0 0.0 0.0 0.0 0.0 0.0 0.0 0.0 0.0 0.0 0.0 0.0 0.0 0.0 0.0 0.0 0.0 0.0 0.0 0.0 0.0 0.0 0.0 0.0 0.0 0.0 0.0 0.0 0.0 0.0 0.0 0.0 0.0 0.0 0.0 0.0 0.0 0.0 0.0 0.0 
0.0 0.0 0.0 0.0 0.0 0.0 0.0 0.0 0.0 0.0 0.0 0.0 0.0 0.0 0.0 0.0 0.0 0.0 0.0 0.0 0.0 0.0 0.0 0.0 0.0 0.0 0.0 0.0 0.0 0.0 0.0 0.0 0.0 0.0 0.0 0.0 0.0 0.0 0.0 0.0 0.0 0.0 0.0 0.0 0.0 0.0 0.0 0.0 0.0 0.0 0.0 0.0 0.0 0.0 0.0 0.0 0.0 0.0 0.0 0.0 0.0 0.0 0.0 0.0 
0.0 0.0 0.0 0.0 0.0 0.0 0.0 0.0 0.0 0.0 0.0 0.0 0.0 0.0 0.0 0.0 0.0 0.0 0.0 0.0 0.0 0.0 0.0 0.0 0.0 0.0 0.0 0.0 0.0 0.0 0.0 0.0 0.0 0.0 0.0 0.0 0.0 0.0 0.0 0.0 0.0 0.0 0.0 0.0 0.0 0.0 0.0 0.0 0.0 0.0 0.0 0.0 0.0 0.0 0.0 0.0 0.0 0.0 0.0 0.0 0.0 0.0 0.0 0.0 
0.0 0.0 0.0 0.0 0.0 0.0 0.0 0.0 0.0 0.0 0.0 0.0 0.0 0.0 0.0 0.0 0.0 0.0 0.0 0.0 0.0 0.0 0.0 0.0 0.0 0.0 0.0 0.0 0.0 0.0 0.0 0.0 0.0 0.0 0.0 0.0 0.0 0.0 0.0 0.0 0.0 0.0 0.0 0.0 0.0 0.0 0.0 0.0 0.0 0.0 0.0 0.0 0.0 0.0 0.0 0.0 0.0 0.0 0.0 0.0 0.0 0.0 0.0 0.0 
0.0 0.0 0.0 0.0 0.0 0.0 0.0 0.0 0.0 0.0 0.0 0.0 0.0 0.0 0.0 0.0 0.0 0.0 0.0 0.0 0.0 0.0 0.0 0.0 0.0 0.0 0.0 0.0 0.0 0.0 0.0 0.0 0.0 0.0 0.0 0.0 0.0 0.0 0.0 0.0 0.0 0.0 0.0 0.0 0.0 0.0 0.0 0.0 0.0 0.0 0.0 0.0 0.0 0.0 0.0 0.0 0.0 0.0 0.0 0.0 0.0 0.0 0.0 0.0 
0.0 0.0 0.0 0.0 0.0 0.0 0.0 0.0 0.0 0.0 0.0 0.0 0.0 0.0 0.0 0.0 0.0 0.0 0.0 0.0 0.0 0.0 0.0 0.0 0.0 0.0 0.0 0.0 0.0 0.0 0.0 0.0 0.0 0.0 0.0 0.0 0.0 0.0 0.0 0.0 0.0 0.0 0.0 0.0 0.0 0.0 0.0 0.0 0.0 0.0 0.0 0.0 0.0 0.0 0.0 0.0 0.0 0.0 0.0 0.0 0.0 0.0 0.0 0.0 
0.0 0.0 0.0 0.0 0.0 0.0 0.0 0.0 0.0 0.0 0.0 0.0 0.0 0.0 0.0 0.0 0.0 0.0 0.0 0.0 0.0 0.0 0.0 0.0 0.0 0.0 0.0 0.0 0.0 0.0 0.0 0.0 0.0 0.0 0.0 0.0 0.0 0.0 0.0 0.0 0.0 0.0 0.0 0.0 0.0 0.0 0.0 0.0 0.0 0.0 0.0 0.0 0.0 0.0 0.0 0.0 0.0 0.0 0.0 0.0 0.0 0.0 0.0 0.0 
0.0 0.0 0.0 0.0 0.0 0.0 0.0 0.0 0.0 0.0 0.0 0.0 0.0 0.0 0.0 0.0 0.0 0.0 0.0 0.0 0.0 0.0 0.0 0.0 0.0 0.0 0.0 0.0 0.0 0.0 0.0 0.0 0.0 0.0 0.0 0.0 0.0 0.0 0.0 0.0 0.0 0.0 0.0 0.0 0.0 0.0 0.0 0.0 0.0 0.0 0.0 0.0 0.0 0.0 0.0 0.0 0.0 0.0 0.0 0.0 0.0 0.0 0.0 0.0 
0.0 0.0 0.0 0.0 0.0 0.0 0.0 0.0 0.0 0.0 0.0 0.0 0.0 0.0 0.0 0.0 0.0 0.0 0.0 0.0 0.0 0.0 0.0 0.0 0.0 0.0 0.0 0.0 0.0 0.0 0.0 0.0 0.0 0.0 0.0 0.0 0.0 0.0 0.0 0.0 0.0 0.0 0.0 0.0 0.0 0.0 0.0 0.0 0.0 0.0 0.0 0.0 0.0 0.0 0.0 0.0 0.0 0.0 0.0 0.0 0.0 0.0 0.0 0.0 
0.0 0.0 0.0 0.0 0.0 0.0 0.0 0.0 0.0 0.0 0.0 0.0 0.0 0.0 0.0 0.0 0.0 0.0 0.0 0.0 0.0 0.0 0.0 0.0 0.0 0.0 0.0 0.0 0.0 0.0 0.0 0.0 0.0 0.0 0.0 0.0 0.0 0.0 0.0 0.0 0.0 0.0 0.0 0.0 0.0 0.0 0.0 0.0 0.0 0.0 0.0 0.0 0.0 0.0 0.0 0.0 0.0 0.0 0.0 0.0 0.0 0.0 0.0 0.0 
0.0 0.0 0.0 0.0 0.0 0.0 0.0 0.0 0.0 0.0 0.0 0.0 0.0 0.0 0.0 0.0 0.0 0.0 0.0 0.0 0.0 0.0 0.0 0.0 0.0 0.0 0.0 0.0 0.0 0.0 0.0 0.0 0.0 0.0 0.0 0.0 0.0 0.0 0.0 0.0 0.0 0.0 0.0 0.0 0.0 0.0 0.0 0.0 0.0 0.0 0.0 0.0 0.0 0.0 0.0 0.0 0.0 0.0 0.0 0.0 0.0 0.0 0.0 0.0 
0.0 0.0 0.0 0.0 0.0 0.0 0.0 0.0 0.0 0.0 0.0 0.0 0.0 0.0 0.0 0.0 0.0 0.0 0.0 0.0 0.0 0.0 0.0 0.0 0.0 0.0 0.0 0.0 0.0 0.0 0.0 0.0 0.0 0.0 0.0 0.0 0.0 0.0 0.0 0.0 0.0 0.0 0.0 0.0 0.0 0.0 0.0 0.0 0.0 0.0 0.0 0.0 0.0 0.0 0.0 0.0 0.0 0.0 0.0 0.0 0.0 0.0 0.0 0.0 
0.0 0.0 0.0 0.0 0.0 0.0 0.0 0.0 0.0 0.0 0.0 0.0 0.0 0.0 0.0 0.0 0.0 0.0 0.0 0.0 0.0 0.0 0.0 0.0 0.0 0.0 0.0 0.0 0.0 0.0 0.0 0.0 0.0 0.0 0.0 0.0 0.0 0.0 0.0 0.0 0.0 0.0 0.0 0.0 0.0 0.0 0.0 0.0 0.0 0.0 0.0 0.0 0.0 0.0 0.0 0.0 0.0 0.0 0.0 0.0 0.0 0.0 0.0 0.0 
0.0 0.0 0.0 0.0 0.0 0.0 0.0 0.0 0.0 0.0 0.0 0.0 0.0 0.0 0.0 0.0 0.0 0.0 0.0 0.0 0.0 0.0 0.0 0.0 0.0 0.0 0.0 0.0 0.0 0.0 0.0 0.0 0.0 0.0 0.0 0.0 0.0 0.0 0.0 0.0 0.0 0.0 0.0 0.0 0.0 0.0 0.0 0.0 0.0 0.0 0.0 0.0 0.0 0.0 0.0 0.0 0.0 0.0 0.0 0.0 0.0 0.0 0.0 0.0 
0.0 0.0 0.0 0.0 0.0 0.0 0.0 0.0 0.0 0.0 0.0 0.0 0.0 0.0 0.0 0.0 0.0 0.0 0.0 0.0 0.0 0.0 0.0 0.0 0.0 0.0 0.0 0.0 0.0 0.0 0.0 0.0 0.0 0.0 0.0 0.0 0.0 0.0 0.0 0.0 0.0 0.0 0.0 0.0 0.0 0.0 0.0 0.0 0.0 0.0 0.0 0.0 0.0 0.0 0.0 0.0 0.0 0.0 0.0 0.0 0.0 0.0 0.0 0.0 
0.0 0.0 0.0 0.0 0.0 0.0 0.0 0.0 0.0 0.0 0.0 0.0 0.0 0.0 0.0 0.0 0.0 0.0 0.0 0.0 0.0 0.0 0.0 0.0 0.0 0.0 0.0 0.0 0.0 0.0 0.0 0.0 0.0 0.0 0.0 0.0 0.0 0.0 0.0 0.0 0.0 0.0 0.0 0.0 0.0 0.0 0.0 0.0 0.0 0.0 0.0 0.0 0.0 0.0 0.0 0.0 0.0 0.0 0.0 0.0 0.0 0.0 0.0 0.0 
0.0 0.0 0.0 0.0 0.0 0.0 0.0 0.0 0.0 0.0 0.0 0.0 0.0 0.0 0.0 0.0 0.0 0.0 0.0 0.0 0.0 0.0 0.0 0.0 0.0 0.0 0.0 0.0 0.0 0.0 0.0 0.0 0.0 0.0 0.0 0.0 0.0 0.0 0.0 0.0 0.0 0.0 0.0 0.0 0.0 0.0 0.0 0.0 0.0 0.0 0.0 0.0 0.0 0.0 0.0 0.0 0.0 0.0 0.0 0.0 0.0 0.0 0.0 0.0 
0.0 0.0 0.0 0.0 0.0 0.0 0.0 0.0 0.0 0.0 0.0 0.0 0.0 0.0 0.0 0.0 0.0 0.0 0.0 0.0 0.0 0.0 0.0 0.0 0.0 0.0 0.0 0.0 0.0 0.0 0.0 0.0 0.0 0.0 0.0 0.0 0.0 0.0 0.0 0.0 0.0 0.0 0.0 0.0 0.0 0.0 0.0 0.0 0.0 0.0 0.0 0.0 0.0 0.0 0.0 0.0 0.0 0.0 0.0 0.0 0.0 0.0 0.0 0.0 
0.0 0.0 0.0 0.0 0.0 0.0 0.0 0.0 0.0 0.0 0.0 0.0 0.0 0.0 0.0 0.0 0.0 0.0 0.0 0.0 0.0 0.0 0.0 0.0 0.0 0.0 0.0 0.0 0.0 0.0 0.0 0.0 0.0 0.0 0.0 0.0 0.0 0.0 0.0 0.0 0.0 0.0 0.0 0.0 0.0 0.0 0.0 0.0 0.0 0.0 0.0 0.0 0.0 0.0 0.0 0.0 0.0 0.0 0.0 0.0 0.0 0.0 0.0 0.0 
0.0 0.0 0.0 0.0 0.0 0.0 0.0 0.0 0.0 0.0 0.0 0.0 0.0 0.0 0.0 0.0 0.0 0.0 0.0 0.0 0.0 0.0 0.0 0.0 0.0 0.0 0.0 0.0 0.0 0.0 0.0 0.0 0.0 0.0 0.0 0.0 0.0 0.0 0.0 0.0 0.0 0.0 0.0 0.0 0.0 0.0 0.0 0.0 0.0 0.0 0.0 0.0 0.0 0.0 0.0 0.0 0.0 0.0 0.0 0.0 0.0 0.0 0.0 0.0 
0.0 0.0 0.0 0.0 0.0 0.0 0.0 0.0 0.0 0.0 0.0 0.0 0.0 0.0 0.0 0.0 0.0 0.0 0.0 0.0 0.0 0.0 0.0 0.0 0.0 0.0 0.0 0.0 0.0 0.0 0.0 0.0 0.0 0.0 0.0 0.0 0.0 0.0 0.0 0.0 0.0 0.0 0.0 0.0 0.0 0.0 0.0 0.0 0.0 0.0 0.0 0.0 0.0 0.0 0.0 0.0 0.0 0.0 0.0 0.0 0.0 0.0 0.0 0.0 
0.0 0.0 0.0 0.0 0.0 0.0 0.0 0.0 0.0 0.0 0.0 0.0 0.0 0.0 0.0 0.0 0.0 0.0 0.0 0.0 0.0 0.0 0.0 0.0 0.0 0.0 0.0 0.0 0.0 0.0 0.0 0.0 0.0 0.0 0.0 0.0 0.0 0.0 0.0 0.0 0.0 0.0 0.0 0.0 0.0 0.0 0.0 0.0 0.0 0.0 0.0 0.0 0.0 0.0 0.0 0.0 0.0 0.0 0.0 0.0 0.0 0.0 0.0 0.0 
0.0 0.0 0.0 0.0 0.0 0.0 0.0 0.0 0.0 0.0 0.0 0.0 0.0 0.0 0.0 0.0 0.0 0.0 0.0 0.0 0.0 0.0 0.0 0.0 0.0 0.0 0.0 0.0 0.0 0.0 0.0 0.0 0.0 0.0 0.0 0.0 0.0 0.0 0.0 0.0 0.0 0.0 0.0 0.0 0.0 0.0 0.0 0.0 0.0 0.0 0.0 0.0 0.0 0.0 0.0 0.0 0.0 0.0 0.0 0.0 0.0 0.0 0.0 0.0 
0.0 0.0 0.0 0.0 0.0 0.0 0.0 0.0 0.0 0.0 0.0 0.0 0.0 0.0 0.0 0.0 0.0 0.0 0.1211111111111105 0.242222222222221 0.242222222222221 0.242222222222221 0.242222222222221 0.242222222222221 0.242222222222221 0.242222222222221 0.242222222222221 0.242222222222221 0.242222222222221 0.242222222222221 0.242222222222221 0.242222222222221 0.242222222222221 0.242222222222221 0.242222222222221 0.242222222222221 0.242222222222221 0.242222222222221 0.242222222222221 0.242222222222221 0.242222222222221 0.242222222222221 0.242222222222221 0.242222222222221 0.1211111111111105 0.0 0.0 0.0 0.0 0.0 0.0 0.0 0.0 0.0 0.0 0.0 0.0 0.0 0.0 0.0 0.0 0.0 0.0 0.0 
0.0 0.0 0.0 0.0 0.0 0.0 0.0 0.0 0.0 0.0 0.0 0.0 0.0 0.0 0.0 0.0 0.0 0.3788888888888895 1.3788888888888895 2.0 2.0 2.0 2.0 2.0 2.0 2.0 2.0 2.0 2.0 2.0 2.0 2.0 2.0 2.0 2.0 2.0 2.0 2.0 2.0 2.0 2.0 2.0 2.0 1.6211111111111105 0.6211111111111105 0.0 0.0 0.0 0.0 0.0 0.0 0.0 0.0 0.0 0.0 0.0 0.0 0.0 0.0 0.0 0.0 0.0 0.0 0.0 
0.0 0.0 0.0 0.0 0.0 0.0 0.0 0.0 0.0 0.0 0.0 0.0 0.0 0.0 0.0 0.0 0.0 0.757777777777779 2.515555555555558 3.515555555555558 3.515555555555558 3.515555555555558 3.515555555555558 3.515555555555558 3.515555555555558 3.515555555555558 3.515555555555558 3.515555555555558 3.515555555555558 3.515555555555558 3.515555555555558 3.515555555555558 3.515555555555558 3.515555555555558 3.515555555555558 3.515555555555558 3.515555555555558 3.515555555555558 3.515555555555558 3.515555555555558 3.515555555555558 3.515555555555558 3.515555555555558 2.757777777777779 1.0 0.0 0.0 0.0 0.0 0.0 0.0 0.0 0.0 0.0 0.0 0.0 0.0 0.0 0.0 0.0 0.0 0.0 0.0 0.0 
0.0 0.0 0.0 0.0 0.0 0.0 0.0 0.0 0.0 0.0 0.0 0.0 0.0 0.0 0.0 0.0 0.0 0.757777777777779 2.5155555555555544 3.515555555555551 3.515555555555551 3.515555555555551 3.515555555555551 3.515555555555551 3.515555555555551 3.515555555555551 3.515555555555551 3.515555555555551 3.515555555555551 3.515555555555551 3.515555555555551 3.515555555555551 3.515555555555551 3.515555555555551 3.515555555555551 3.515555555555551 3.515555555555551 3.515555555555551 3.515555555555551 3.515555555555551 3.515555555555551 3.515555555555551 3.515555555555551 2.757777777777772 0.9999999999999964 0.0 0.0 0.0 0.0 0.0 0.0 0.0 0.0 0.0 0.0 0.0 0.0 0.0 0.0 0.0 0.0 0.0 0.0 0.0 
0.0 0.0 0.0 0.0 0.0 0.0 0.0 0.0 0.0 0.0 0.0 0.0 0.0 0.0 0.0 0.0 0.0 0.7577777777777825 2.515555555555565 3.515555555555565 3.515555555555565 3.515555555555565 3.515555555555565 3.515555555555565 3.515555555555565 3.515555555555565 3.515555555555565 3.515555555555565 3.515555555555565 3.515555555555565 3.515555555555565 3.515555555555565 3.515555555555565 3.515555555555565 3.515555555555565 3.515555555555565 3.515555555555565 3.515555555555565 3.515555555555565 3.515555555555565 3.515555555555565 3.515555555555565 3.515555555555565 2.7577777777777825 1.0 0.0 0.0 0.0 0.0 0.0 0.0 0.0 0.0 0.0 0.0 0.0 0.0 0.0 0.0 0.0 0.0 0.0 0.0 0.0 
0.0 0.0 0.0 0.0 0.0 0.0 0.0 0.0 0.0 0.0 0.0 0.0 0.0 0.0 0.0 0.0 0.0 0.7577777777777825 2.515555555555565 3.515555555555565 3.515555555555565 3.515555555555565 3.515555555555565 3.515555555555565 3.515555555555565 3.515555555555565 3.515555555555565 3.515555555555565 3.515555555555565 3.515555555555565 3.515555555555565 3.515555555555565 3.515555555555565 3.515555555555565 3.515555555555565 3.515555555555565 3.515555555555565 3.515555555555565 3.515555555555565 3.515555555555565 3.515555555555565 3.515555555555565 3.515555555555565 2.7577777777777825 1.0 0.0 0.0 0.0 0.0 0.0 0.0 0.0 0.0 0.0 0.0 0.0 0.0 0.0 0.0 0.0 0.0 0.0 0.0 0.0 
0.0 0.0 0.0 0.0 0.0 0.0 0.0 0.0 0.0 0.0 0.0 0.0 0.0 0.0 0.0 0.0 0.0 0.7577777777777825 2.515555555555565 3.515555555555565 3.515555555555565 3.515555555555565 3.515555555555565 3.515555555555565 3.515555555555565 3.515555555555565 3.515555555555565 3.515555555555565 3.515555555555565 3.515555555555565 3.515555555555565 3.515555555555565 3.515555555555565 3.515555555555565 3.515555555555565 3.515555555555565 3.515555555555565 3.515555555555565 3.515555555555565 3.515555555555565 3.515555555555565 3.515555555555565 3.515555555555565 2.7577777777777825 1.0 0.0 0.0 0.0 0.0 0.0 0.0 0.0 0.0 0.0 0.0 0.0 0.0 0.0 0.0 0.0 0.0 0.0 0.0 0.0 
0.0 0.0 0.0 0.0 0.0 0.0 0.0 0.0 0.0 0.0 0.0 0.0 0.0 0.0 0.0 0.0 0.0 0.7577777777777825 2.515555555555565 3.515555555555565 3.515555555555565 3.515555555555565 3.515555555555565 3.515555555555565 3.515555555555565 3.515555555555565 3.515555555555565 3.515555555555565 3.515555555555565 3.515555555555565 3.515555555555565 3.515555555555565 3.515555555555565 3.515555555555565 3.515555555555565 3.515555555555565 3.515555555555565 3.515555555555565 3.515555555555565 3.515555555555565 3.515555555555565 3.515555555555565 3.515555555555565 2.7577777777777825 1.0 0.0 0.0 0.0 0.0 0.0 0.0 0.0 0.0 0.0 0.0 0.0 0.0 0.0 0.0 0.0 0.0 0.0 0.0 0.0 
0.0 0.0 0.0 0.0 0.0 0.0 0.0 0.0 0.0 0.0 0.0 0.0 0.0 0.0 0.0 0.0 0.0 0.7577777777777825 2.515555555555565 3.515555555555565 3.515555555555565 3.515555555555565 3.515555555555565 3.515555555555565 3.515555555555565 3.515555555555565 3.515555555555565 3.515555555555565 3.515555555555565 3.515555555555565 3.515555555555565 3.515555555555565 3.515555555555565 3.515555555555565 3.515555555555565 3.515555555555565 3.515555555555565 3.515555555555565 3.515555555555565 3.515555555555565 3.515555555555565 3.515555555555565 3.515555555555565 2.7577777777777825 1.0 0.0 0.0 0.0 0.0 0.0 0.0 0.0 0.0 0.0 0.0 0.0 0.0 0.0 0.0 0.0 0.0 0.0 0.0 0.0 
0.0 0.0 0.0 0.0 0.0 0.0 0.0 0.0 0.0 0.0 0.0 0.0 0.0 0.0 0.0 0.0 0.0 0.7577777777777825 2.515555555555565 3.515555555555565 3.515555555555565 3.515555555555565 3.515555555555565 3.515555555555565 3.515555555555565 3.515555555555565 3.515555555555565 3.515555555555565 3.515555555555565 3.515555555555565 3.515555555555565 3.515555555555565 3.515555555555565 3.515555555555565 3.515555555555565 3.515555555555565 3.515555555555565 3.515555555555565 3.515555555555565 3.515555555555565 3.515555555555565 3.515555555555565 3.515555555555565 2.7577777777777825 1.0 0.0 0.0 0.0 0.0 0.0 0.0 0.0 0.0 0.0 0.0 0.0 0.0 0.0 0.0 0.0 0.0 0.0 0.0 0.0 
0.0 0.0 0.0 0.0 0.0 0.0 0.0 0.0 0.0 0.0 0.0 0.0 0.0 0.0 0.0 0.0 0.0 0.7577777777777825 2.515555555555565 3.515555555555565 3.515555555555565 3.515555555555565 3.515555555555565 3.515555555555565 3.515555555555565 3.515555555555565 3.515555555555565 3.515555555555565 3.515555555555565 3.515555555555565 3.515555555555565 3.515555555555565 3.515555555555565 3.515555555555565 3.515555555555565 3.515555555555565 3.515555555555565 3.515555555555565 3.515555555555565 3.515555555555565 3.515555555555565 3.515555555555565 3.515555555555565 2.7577777777777825 1.0 0.0 0.0 0.0 0.0 0.0 0.0 0.0 0.0 0.0 0.0 0.0 0.0 0.0 0.0 0.0 0.0 0.0 0.0 0.0 
0.0 0.0 0.0 0.0 0.0 0.0 0.0 0.0 0.0 0.0 0.0 0.0 0.0 0.0 0.0 0.0 0.0 0.7577777777777825 2.515555555555565 3.515555555555565 3.515555555555565 3.515555555555565 3.515555555555565 3.515555555555565 3.515555555555565 3.515555555555565 3.515555555555565 3.515555555555565 3.515555555555565 3.515555555555565 3.515555555555565 3.515555555555565 3.515555555555565 3.515555555555565 3.515555555555565 3.515555555555565 3.515555555555565 3.515555555555565 3.515555555555565 3.515555555555565 3.515555555555565 3.515555555555565 3.515555555555565 2.7577777777777825 1.0 0.0 0.0 0.0 0.0 0.0 0.0 0.0 0.0 0.0 0.0 0.0 0.0 0.0 0.0 0.0 0.0 0.0 0.0 0.0 
0.0 0.0 0.0 0.0 0.0 0.0 0.0 0.0 0.0 0.0 0.0 0.0 0.0 0.0 0.0 0.0 0.0 0.7577777777777825 2.515555555555565 3.515555555555565 3.515555555555565 3.515555555555565 3.515555555555565 3.515555555555565 3.515555555555565 3.515555555555565 3.515555555555565 3.515555555555565 3.515555555555565 3.515555555555565 3.515555555555565 3.515555555555565 3.515555555555565 3.515555555555565 3.515555555555565 3.515555555555565 3.515555555555565 3.515555555555565 3.515555555555565 3.515555555555565 3.515555555555565 3.515555555555565 3.515555555555565 2.7577777777777825 1.0 0.0 0.0 0.0 0.0 0.0 0.0 0.0 0.0 0.0 0.0 0.0 0.0 0.0 0.0 0.0 0.0 0.0 0.0 0.0 
0.0 0.0 0.0 0.0 0.0 0.0 0.0 0.0 0.0 0.0 0.0 0.0 0.0 0.0 0.0 0.0 0.0 0.7577777777777825 2.515555555555565 3.515555555555565 3.515555555555565 3.515555555555565 3.515555555555565 3.515555555555565 3.515555555555565 3.515555555555565 3.515555555555565 3.515555555555565 3.515555555555565 3.515555555555565 3.515555555555565 3.515555555555565 3.515555555555565 3.515555555555565 3.515555555555565 3.515555555555565 3.515555555555565 3.515555555555565 3.515555555555565 3.515555555555565 3.515555555555565 3.515555555555565 3.515555555555565 2.7577777777777825 1.0 0.0 0.0 0.0 0.0 0.0 0.0 0.0 0.0 0.0 0.0 0.0 0.0 0.0 0.0 0.0 0.0 0.0 0.0 0.0 
0.0 0.0 0.0 0.0 0.0 0.0 0.0 0.0 0.0 0.0 0.0 0.0 0.0 0.0 0.0 0.0 0.0 0.7577777777777825 2.515555555555565 3.515555555555565 3.515555555555565 3.515555555555565 3.515555555555565 3.515555555555565 3.515555555555565 3.515555555555565 3.515555555555565 3.515555555555565 3.515555555555565 3.515555555555565 3.515555555555565 3.515555555555565 3.515555555555565 3.515555555555565 3.515555555555565 3.515555555555565 3.515555555555565 3.515555555555565 3.515555555555565 3.515555555555565 3.515555555555565 3.515555555555565 3.515555555555565 2.7577777777777825 1.0 0.0 0.0 0.0 0.0 0.0 0.0 0.0 0.0 0.0 0.0 0.0 0.0 0.0 0.0 0.0 0.0 0.0 0.0 0.0 
0.0 0.0 0.0 0.0 0.0 0.0 0.0 0.0 0.0 0.0 0.0 0.0 0.0 0.0 0.0 0.0 0.0 0.7577777777777825 2.515555555555565 3.515555555555565 3.515555555555565 3.515555555555565 3.515555555555565 3.515555555555565 3.515555555555565 3.515555555555565 3.515555555555565 3.515555555555565 3.515555555555565 3.515555555555565 3.515555555555565 3.515555555555565 3.515555555555565 3.515555555555565 3.515555555555565 3.515555555555565 3.515555555555565 3.515555555555565 3.515555555555565 3.515555555555565 3.515555555555565 3.515555555555565 3.515555555555565 2.7577777777777825 1.0 0.0 0.0 0.0 0.0 0.0 0.0 0.0 0.0 0.0 0.0 0.0 0.0 0.0 0.0 0.0 0.0 0.0 0.0 0.0 
0.0 0.0 0.0 0.0 0.0 0.0 0.0 0.0 0.0 0.0 0.0 0.0 0.0 0.0 0.0 0.0 0.0 0.7577777777777825 2.515555555555565 3.515555555555565 3.515555555555565 3.515555555555565 3.515555555555565 3.515555555555565 3.515555555555565 3.515555555555565 3.515555555555565 3.515555555555565 3.515555555555565 3.515555555555565 3.515555555555565 3.515555555555565 3.515555555555565 3.515555555555565 3.515555555555565 3.515555555555565 3.515555555555565 3.515555555555565 3.515555555555565 3.515555555555565 3.515555555555565 3.515555555555565 3.515555555555565 2.7577777777777825 1.0 0.0 0.0 0.0 0.0 0.0 0.0 0.0 0.0 0.0 0.0 0.0 0.0 0.0 0.0 0.0 0.0 0.0 0.0 0.0 
0.0 0.0 0.0 0.0 0.0 0.0 0.0 0.0 0.0 0.0 0.0 0.0 0.0 0.0 0.0 0.0 0.0 0.7577777777777825 2.515555555555565 3.515555555555565 3.515555555555565 3.515555555555565 3.515555555555565 3.515555555555565 3.515555555555565 3.515555555555565 3.515555555555565 3.515555555555565 3.515555555555565 3.515555555555565 3.515555555555565 3.515555555555565 3.515555555555565 3.515555555555565 3.515555555555565 3.515555555555565 3.515555555555565 3.515555555555565 3.515555555555565 3.515555555555565 3.515555555555565 3.515555555555565 3.515555555555565 2.7577777777777825 1.0 0.0 0.0 0.0 0.0 0.0 0.0 0.0 0.0 0.0 0.0 0.0 0.0 0.0 0.0 0.0 0.0 0.0 0.0 0.0 
0.0 0.0 0.0 0.0 0.0 0.0 0.0 0.0 0.0 0.0 0.0 0.0 0.0 0.0 0.0 0.0 0.0 0.7577777777777825 2.515555555555565 3.515555555555565 3.515555555555565 3.515555555555565 3.515555555555565 3.515555555555565 3.515555555555565 3.515555555555565 3.515555555555565 3.515555555555565 3.515555555555565 3.515555555555565 3.515555555555565 3.515555555555565 3.515555555555565 3.515555555555565 3.515555555555565 3.515555555555565 3.515555555555565 3.515555555555565 3.515555555555565 3.515555555555565 3.515555555555565 3.515555555555565 3.515555555555565 2.7577777777777825 1.0 0.0 0.0 0.0 0.0 0.0 0.0 0.0 0.0 0.0 0.0 0.0 0.0 0.0 0.0 0.0 0.0 0.0 0.0 0.0 
0.0 0.0 0.0 0.0 0.0 0.0 0.0 0.0 0.0 0.0 0.0 0.0 0.0 0.0 0.0 0.0 0.0 0.7577777777777825 2.515555555555565 3.515555555555565 3.515555555555565 3.515555555555565 3.515555555555565 3.515555555555565 3.515555555555565 3.515555555555565 3.515555555555565 3.515555555555565 3.515555555555565 3.515555555555565 3.515555555555565 3.515555555555565 3.515555555555565 3.515555555555565 3.515555555555565 3.515555555555565 3.515555555555565 3.515555555555565 3.515555555555565 3.515555555555565 3.515555555555565 3.515555555555565 3.515555555555565 2.7577777777777825 1.0 0.0 0.0 0.0 0.0 0.0 0.0 0.0 0.0 0.0 0.0 0.0 0.0 0.0 0.0 0.0 0.0 0.0 0.0 0.0 
0.0 0.0 0.0 0.0 0.0 0.0 0.0 0.0 0.0 0.0 0.0 0.0 0.0 0.0 0.0 0.0 0.0 0.7577777777777825 2.515555555555565 3.515555555555565 3.515555555555565 3.515555555555565 3.515555555555565 3.515555555555565 3.515555555555565 3.515555555555565 3.515555555555565 3.515555555555565 3.515555555555565 3.515555555555565 3.515555555555565 3.515555555555565 3.515555555555565 3.515555555555565 3.515555555555565 3.515555555555565 3.515555555555565 3.515555555555565 3.515555555555565 3.515555555555565 3.515555555555565 3.515555555555565 3.515555555555565 2.7577777777777825 1.0 0.0 0.0 0.0 0.0 0.0 0.0 0.0 0.0 0.0 0.0 0.0 0.0 0.0 0.0 0.0 0.0 0.0 0.0 0.0 
0.0 0.0 0.0 0.0 0.0 0.0 0.0 0.0 0.0 0.0 0.0 0.0 0.0 0.0 0.0 0.0 0.0 0.7577777777777825 2.515555555555565 3.515555555555565 3.515555555555565 3.515555555555565 3.515555555555565 3.515555555555565 3.515555555555565 3.515555555555565 3.515555555555565 3.515555555555565 3.515555555555565 3.515555555555565 3.515555555555565 3.515555555555565 3.515555555555565 3.515555555555565 3.515555555555565 3.515555555555565 3.515555555555565 3.515555555555565 3.515555555555565 3.515555555555565 3.515555555555565 3.515555555555565 3.515555555555565 2.7577777777777825 1.0 0.0 0.0 0.0 0.0 0.0 0.0 0.0 0.0 0.0 0.0 0.0 0.0 0.0 0.0 0.0 0.0 0.0 0.0 0.0 
0.0 0.0 0.0 0.0 0.0 0.0 0.0 0.0 0.0 0.0 0.0 0.0 0.0 0.0 0.0 0.0 0.0 0.7577777777777825 2.515555555555565 3.515555555555565 3.515555555555565 3.515555555555565 3.515555555555565 3.515555555555565 3.515555555555565 3.515555555555565 3.515555555555565 3.515555555555565 3.515555555555565 3.515555555555565 3.515555555555565 3.515555555555565 3.515555555555565 3.515555555555565 3.515555555555565 3.515555555555565 3.515555555555565 3.515555555555565 3.515555555555565 3.515555555555565 3.515555555555565 3.515555555555565 3.515555555555565 2.7577777777777825 1.0 0.0 0.0 0.0 0.0 0.0 0.0 0.0 0.0 0.0 0.0 0.0 0.0 0.0 0.0 0.0 0.0 0.0 0.0 0.0 
0.0 0.0 0.0 0.0 0.0 0.0 0.0 0.0 0.0 0.0 0.0 0.0 0.0 0.0 0.0 0.0 0.0 0.7577777777777825 2.515555555555565 3.515555555555565 3.515555555555565 3.515555555555565 3.515555555555565 3.515555555555565 3.515555555555565 3.515555555555565 3.515555555555565 3.515555555555565 3.515555555555565 3.515555555555565 3.515555555555565 3.515555555555565 3.515555555555565 3.515555555555565 3.515555555555565 3.515555555555565 3.515555555555565 3.515555555555565 3.515555555555565 3.515555555555565 3.515555555555565 3.515555555555565 3.515555555555565 2.7577777777777825 1.0 0.0 0.0 0.0 0.0 0.0 0.0 0.0 0.0 0.0 0.0 0.0 0.0 0.0 0.0 0.0 0.0 0.0 0.0 0.0 
0.0 0.0 0.0 0.0 0.0 0.0 0.0 0.0 0.0 0.0 0.0 0.0 0.0 0.0 0.0 0.0 0.0 0.7577777777777825 2.515555555555565 3.515555555555565 3.515555555555565 3.515555555555565 3.515555555555565 3.515555555555565 3.515555555555565 3.515555555555565 3.515555555555565 3.515555555555565 3.515555555555565 3.515555555555565 3.515555555555565 3.515555555555565 3.515555555555565 3.515555555555565 3.515555555555565 3.515555555555565 3.515555555555565 3.515555555555565 3.515555555555565 3.515555555555565 3.515555555555565 3.515555555555565 3.515555555555565 2.7577777777777825 1.0 0.0 0.0 0.0 0.0 0.0 0.0 0.0 0.0 0.0 0.0 0.0 0.0 0.0 0.0 0.0 0.0 0.0 0.0 0.0 
0.0 0.0 0.0 0.0 0.0 0.0 0.0 0.0 0.0 0.0 0.0 0.0 0.0 0.0 0.0 0.0 0.0 0.7577777777777825 2.515555555555565 3.515555555555565 3.515555555555565 3.515555555555565 3.515555555555565 3.515555555555565 3.515555555555565 3.515555555555565 3.515555555555565 3.515555555555565 3.515555555555565 3.515555555555565 3.515555555555565 3.515555555555565 3.515555555555565 3.515555555555565 3.515555555555565 3.515555555555565 3.515555555555565 3.515555555555565 3.515555555555565 3.515555555555565 3.515555555555565 3.515555555555565 3.515555555555565 2.7577777777777825 1.0 0.0 0.0 0.0 0.0 0.0 0.0 0.0 0.0 0.0 0.0 0.0 0.0 0.0 0.0 0.0 0.0 0.0 0.0 0.0 
0.0 0.0 0.0 0.0 0.0 0.0 0.0 0.0 0.0 0.0 0.0 0.0 0.0 0.0 0.0 0.0 0.0 0.7577777777777825 2.3944444444444564 3.2733333333333476 3.2733333333333476 3.2733333333333476 3.2733333333333476 3.2733333333333476 3.2733333333333476 3.2733333333333476 3.2733333333333476 3.2733333333333476 3.2733333333333476 3.2733333333333476 3.2733333333333476 3.2733333333333476 3.2733333333333476 3.2733333333333476 3.2733333333333476 3.2733333333333476 3.2733333333333476 3.2733333333333476 3.2733333333333476 3.2733333333333476 3.2733333333333476 3.2733333333333476 3.2733333333333476 2.515555555555565 0.8788888888888913 0.0 0.0 0.0 0.0 0.0 0.0 0.0 0.0 0.0 0.0 0.0 0.0 0.0 0.0 0.0 0.0 0.0 0.0 0.0 
0.0 0.0 0.0 0.0 0.0 0.0 0.0 0.0 0.0 0.0 0.0 0.0 0.0 0.0 0.0 0.0 0.0 0.3788888888888913 1.1366666666666738 1.515555555555565 1.515555555555565 1.515555555555565 1.515555555555565 1.515555555555565 1.515555555555565 1.515555555555565 1.515555555555565 1.515555555555565 1.515555555555565 1.515555555555565 1.515555555555565 1.515555555555565 1.515555555555565 1.515555555555565 1.515555555555565 1.515555555555565 1.515555555555565 1.515555555555565 1.515555555555565 1.515555555555565 1.515555555555565 1.515555555555565 1.515555555555565 1.1366666666666738 0.3788888888888913 0.0 0.0 0.0 0.0 0.0 0.0 0.0 0.0 0.0 0.0 0.0 0.0 0.0 0.0 0.0 0.0 0.0 0.0 0.0 
0.0 0.0 0.0 0.0 0.0 0.0 0.0 0.0 0.0 0.0 0.0 0.0 0.0 0.0 0.0 0.0 0.0 0.0 0.0 0.0 0.0 0.0 0.0 0.0 0.0 0.0 0.0 0.0 0.0 0.0 0.0 0.0 0.0 0.0 0.0 0.0 0.0 0.0 0.0 0.0 0.0 0.0 0.0 0.0 0.0 0.0 0.0 0.0 0.0 0.0 0.0 0.0 0.0 0.0 0.0 0.0 0.0 0.0 0.0 0.0 0.0 0.0 0.0 0.0 
0.0 0.0 0.0 0.0 0.0 0.0 0.0 0.0 0.0 0.0 0.0 0.0 0.0 0.0 0.0 0.0 0.0 0.0 0.0 0.0 0.0 0.0 0.0 0.0 0.0 0.0 0.0 0.0 0.0 0.0 0.0 0.0 0.0 0.0 0.0 0.0 0.0 0.0 0.0 0.0 0.0 0.0 0.0 0.0 0.0 0.0 0.0 0.0 0.0 0.0 0.0 0.0 0.0 0.0 0.0 0.0 0.0 0.0 0.0 0.0 0.0 0.0 0.0 0.0 
0.0 0.0 0.0 0.0 0.0 0.0 0.0 0.0 0.0 0.0 0.0 0.0 0.0 0.0 0.0 0.0 0.0 0.0 0.0 0.0 0.0 0.0 0.0 0.0 0.0 0.0 0.0 0.0 0.0 0.0 0.0 0.0 0.0 0.0 0.0 0.0 0.0 0.0 0.0 0.0 0.0 0.0 0.0 0.0 0.0 0.0 0.0 0.0 0.0 0.0 0.0 0.0 0.0 0.0 0.0 0.0 0.0 0.0 0.0 0.0 0.0 0.0 0.0 0.0 
0.0 0.0 0.0 0.0 0.0 0.0 0.0 0.0 0.0 0.0 0.0 0.0 0.0 0.0 0.0 0.0 0.0 0.0 0.0 0.0 0.0 0.0 0.0 0.0 0.0 0.0 0.0 0.0 0.0 0.0 0.0 0.0 0.0 0.0 0.0 0.0 0.0 0.0 0.0 0.0 0.0 0.0 0.0 0.0 0.0 0.0 0.0 0.0 0.0 0.0 0.0 0.0 0.0 0.0 0.0 0.0 0.0 0.0 0.0 0.0 0.0 0.0 0.0 0.0 
0.0 0.0 0.0 0.0 0.0 0.0 0.0 0.0 0.0 0.0 0.0 0.0 0.0 0.0 0.0 0.0 0.0 0.0 0.0 0.0 0.0 0.0 0.0 0.0 0.0 0.0 0.0 0.0 0.0 0.0 0.0 0.0 0.0 0.0 0.0 0.0 0.0 0.0 0.0 0.0 0.0 0.0 0.0 0.0 0.0 0.0 0.0 0.0 0.0 0.0 0.0 0.0 0.0 0.0 0.0 0.0 0.0 0.0 0.0 0.0 0.0 0.0 0.0 0.0 
0.0 0.0 0.0 0.0 0.0 0.0 0.0 0.0 0.0 0.0 0.0 0.0 0.0 0.0 0.0 0.0 0.0 0.0 0.0 0.0 0.0 0.0 0.0 0.0 0.0 0.0 0.0 0.0 0.0 0.0 0.0 0.0 0.0 0.0 0.0 0.0 0.0 0.0 0.0 0.0 0.0 0.0 0.0 0.0 0.0 0.0 0.0 0.0 0.0 0.0 0.0 0.0 0.0 0.0 0.0 0.0 0.0 0.0 0.0 0.0 0.0 0.0 0.0 0.0 
0.0 0.0 0.0 0.0 0.0 0.0 0.0 0.0 0.0 0.0 0.0 0.0 0.0 0.0 0.0 0.0 0.0 0.0 0.0 0.0 0.0 0.0 0.0 0.0 0.0 0.0 0.0 0.0 0.0 0.0 0.0 0.0 0.0 0.0 0.0 0.0 0.0 0.0 0.0 0.0 0.0 0.0 0.0 0.0 0.0 0.0 0.0 0.0 0.0 0.0 0.0 0.0 0.0 0.0 0.0 0.0 0.0 0.0 0.0 0.0 0.0 0.0 0.0 0.0 
0.0 0.0 0.0 0.0 0.0 0.0 0.0 0.0 0.0 0.0 0.0 0.0 0.0 0.0 0.0 0.0 0.0 0.0 0.0 0.0 0.0 0.0 0.0 0.0 0.0 0.0 0.0 0.0 0.0 0.0 0.0 0.0 0.0 0.0 0.0 0.0 0.0 0.0 0.0 0.0 0.0 0.0 0.0 0.0 0.0 0.0 0.0 0.0 0.0 0.0 0.0 0.0 0.0 0.0 0.0 0.0 0.0 0.0 0.0 0.0 0.0 0.0 0.0 0.0 
