0.0 0.0 0.0 0.0 0.0 0.0 0.0 0.0 0.0 0.0 0.0 0.0 0.0 0.0 0.0 0.0 0.0 0.0 0.0 0.0 0.0 0.0 0.0 0.0 0.0 0.0 0.0 0.0 0.0 0.0 0.0 0.0 0.0 0.0 0.0 0.0 0.0 0.0 0.0 0.0 0.0 0.0 0.0 0.0 0.0 0.0 0.0 0.0 0.0 0.0 0.0 0.0 0.0 0.0 0.0 0.0 0.0 0.0 0.0 0.0 0.0 0.0 0.0 0.0 
0.0 0.0 0.0 0.0 0.0 0.0 0.0 0.0 0.0 0.0 0.0 0.0 0.0 0.0 0.0 0.0 0.0 0.0 0.0 0.0 0.0 0.0 0.0 0.0 0.0 0.0 0.0 0.0 0.0 0.0 0.0 0.0 0.0 0.0 0.0 0.0 0.0 0.0 0.0 0.0 0.0 0.0 0.0 0.0 0.0 0.0 0.0 0.0 0.0 0.0 0.0 0.0 0.0 0.0 0.0 0.0 0.0 0.0 0.0 0.0 0.0 0.0 0.0 0.0 
0.0 0.0 0.0 0.0 0.0 0.0 0.0 0.0 0.0 0.0 0.0 0.0 0.0 0.0 0.0 0.0 0.0 0.0 0.0 0.0 0.0 0.0 0.0 0.0 0.0 0.0 0.0 0.0 0.0 0.0 0.0 0.0 0.0 0.0 0.0 0.0 0.0 0.0 0.0 0.0 0.0 0.0 0.0 0.0 0.0 0.0 0.0 0.0 0.0 0.0 0.0 0.0 0.0 0.0 0.0 0.0 0.0 0.0 0.0 0.0 0.0 0.0 0.0 0.0 
0.0 0.0 0.0 0.0 0.0 0.0 0.0 0.0 0.0 0.0 0.0 0.0 0.0 0.0 0.0 0.0 0.0 0.0 0.0 0.0 0.0 0.0 0.0 0.0 0.0 0.0 0.0 0.0 0.0 0.0 0.0 0.0 0.0 0.0 0.0 0.0 0.0 0.0 0.0 0.0 0.0 0.0 0.0 0.0 0.0 0.0 0.0 0.0 0.0 0.0 0.0 0.0 0.0 0.0 0.0 0.0 0.0 0.0 0.0 0.0 0.0 0.0 0.0 0.0 
0.0 0.0 0.0 0.0 0.0 0.0 0.0 0.0 0.0 0.0 0.0 0.0 0.0 0.0 0.0 0.0 0.0 0.0 0.0 0.0 0.0 0.0 0.0 0.0 0.0 0.0 0.0 0.0 0.0 0.0 0.0 0.0 0.0 0.0 0.0 0.0 0.0 0.0 0.0 0.0 0.0 0.0 0.0 0.0 0.0 0.0 0.0 0.0 0.0 0.0 0.0 0.0 0.0 0.0 0.0 0.0 0.0 0.0 0.0 0.0 0.0 0.0 0.0 0.0 
0.0 0.0 0.0 0.0 0.0 0.0 0.0 0.0 0.0 0.0 0.0 0.0 0.0 0.0 0.0 0.0 0.0 0.0 0.0 0.0 0.0 0.0 0.0 0.0 0.0 0.0 0.0 0.0 0.0 0.0 0.0 0.0 0.0 0.0 0.0 0.0 0.0 0.0 0.0 0.0 0.0 0.0 0.0 0.0 0.0 0.0 0.0 0.0 0.0 0.0 0.0 0.0 0.0 0.0 0.0 0.0 0.0 0.0 0.0 0.0 0.0 0.0 0.0 0.0 
0.0 0.0 0.0 0.0 0.0 0.0 0.0 0.0 0.0 0.0 0.0 0.0 0.0 0.0 0.0 0.0 0.0 0.0 0.0 0.0 0.0 0.0 0.0 0.0 0.0 0.0 0.0 0.0 0.0 0.0 0.0 0.0 0.0 0.0 0.0 0.0 0.0 0.0 0.0 0.0 0.0 0.0 0.0 0.0 0.0 0.0 0.0 0.0 0.0 0.0 0.0 0.0 0.0 0.0 0.0 0.0 0.0 0.0 0.0 0.0 0.0 0.0 0.0 0.0 
0.0 0.0 0.0 0.0 0.0 0.0 0.0 0.0 0.0 0.0 0.0 0.0 0.0 0.0 0.0 0.0 0.0 0.0 0.0 0.0 0.0 0.0 0.0 0.0 0.0 0.0 0.0 0.0 0.0 0.0 0.0 0.0 0.0 0.0 0.0 0.0 0.0 0.0 0.0 0.0 0.0 0.0 0.0 0.0 0.0 0.0 0.0 0.0 0.0 0.0 0.0 0.0 0.0 0.0 0.0 0.0 0.0 0.0 0.0 0.0 0.0 0.0 0.0 0.0 
0.0 0.0 0.0 0.0 0.0 0.0 0.0 0.0 0.0 0.0 0.0 0.0 0.0 0.0 0.0 0.0 0.0 0.0 0.0 0.0 0.0 0.0 0.0 0.0 0.0 0.0 0.0 0.0 0.0 0.0 0.0 0.0 0.0 0.0 0.0 0.0 0.0 0.0 0.0 0.0 0.0 0.0 0.0 0.0 0.0 0.0 0.0 0.0 0.0 0.0 0.0 0.0 0.0 0.0 0.0 0.0 0.0 0.0 0.0 0.0 0.0 0.0 0.0 0.0 
0.0 0.0 0.0 0.0 0.0 0.0 0.0 0.0 0.0 0.0 0.0 0.0 0.0 0.0 0.0 0.0 0.0 0.0 0.0 0.0 0.0 0.0 0.0 0.0 0.0 0.0 0.0 0.0 0.0 0.0 0.0 0.0 0.0 0.0 0.0 0.0 0.0 0.0 0.0 0.0 0.0 0.0 0.0 0.0 0.0 0.0 0.0 0.0 0.0 0.0 0.0 0.0 0.0 0.0 0.0 0.0 0.0 0.0 0.0 0.0 0.0 0.0 0.0 0.0 
0.0 0.0 0.0 0.0 0.0 0.0 0.0 0.0 0.0 0.0 0.0 0.0 0.0 0.0 0.0 0.0 0.0 0.0 0.0 0.0 0.0 0.0 0.0 0.0 0.0 0.0 0.0 0.0 0.0 0.0 0.0 0.0 0.0 0.0 0.0 0.0 0.0 0.0 0.0 0.0 0.0 0.0 0.0 0.0 0.0 0.0 0.0 0.0 0.0 0.0 0.0 0.0 0.0 0.0 0.0 0.0 0.0 0.0 0.0 0.0 0.0 0.0 0.0 0.0 
0.0 0.0 0.0 0.0 0.0 0.0 0.0 0.0 0.0 0.0 0.0 0.0 0.0 0.0 0.0 0.0 0.0 0.0 0.0 0.0 0.0 0.0 0.0 0.0 0.0 0.0 0.0 0.0 0.0 0.0 0.0 0.0 0.0 0.0 0.0 0.0 0.0 0.0 0.0 0.0 0.0 0.0 0.0 0.0 0.0 0.0 0.0 0.0 0.0 0.0 0.0 0.0 0.0 0.0 0.0 0.0 0.0 0.0 0.0 0.0 0.0 0.0 0.0 0.0 
0.0 0.0 0.0 0.0 0.0 0.0 0.0 0.0 0.0 0.0 0.0 0.0 0.0 0.0 0.0 0.0 0.0 0.0 0.0 0.0 0.0 0.0 0.0 0.0 0.0 0.0 0.0 0.0 0.0 0.0 0.0 0.0 0.0 0.0 0.0 0.0 0.0 0.0 0.0 0.0 0.0 0.0 0.0 0.0 0.0 0.0 0.0 0.0 0.0 0.0 0.0 0.0 0.0 0.0 0.0 0.0 0.0 0.0 0.0 0.0 0.0 0.0 0.0 0.0 
0.0 0.0 0.0 0.0 0.0 0.0 0.0 0.0 0.0 0.0 0.0 0.0 0.0 0.0 0.0 0.0 0.0 0.0 0.0 0.0 0.0 0.0 0.0 0.0 0.0 0.0 0.0 0.0 0.0 0.0 0.0 0.0 0.0 0.0 0.0 0.0 0.0 0.0 0.0 0.0 0.0 0.0 0.0 0.0 0.0 0.0 0.0 0.0 0.0 0.0 0.0 0.0 0.0 0.0 0.0 0.0 0.0 0.0 0.0 0.0 0.0 0.0 0.0 0.0 
0.0 0.0 0.0 0.0 0.0 0.0 0.0 0.0 0.0 0.0 0.0 0.0 0.0 0.0 0.0 0.0 0.0 0.0 0.0 0.0 0.0 0.0 0.0 0.0 0.0 0.0 0.0 0.0 0.0 0.0 0.0 0.0 0.0 0.0 0.0 0.0 0.0 0.0 0.0 0.0 0.0 0.0 0.0 0.0 0.0 0.0 0.0 0.0 0.0 0.0 0.0 0.0 0.0 0.0 0.0 0.0 0.0 0.0 0.0 0.0 0.0 0.0 0.0 0.0 
0.0 0.0 0.0 0.0 0.0 0.0 0.0 0.0 0.0 0.0 0.0 0.0 0.0 0.0 0.0 0.0 0.0 0.0 0.0 0.0 0.0 0.0 0.0 0.0 0.0 0.0 0.0 0.0 0.0 0.0 0.0 0.0 0.0 0.0 0.0 0.0 0.0 0.0 0.0 0.0 0.0 0.0 0.0 0.0 0.0 0.0 0.0 0.0 0.0 0.0 0.0 0.0 0.0 0.0 0.0 0.0 0.0 0.0 0.0 0.0 0.0 0.0 0.0 0.0 
0.0 0.0 0.0 0.0 0.0 0.0 0.0 0.0 0.0 0.0 0.0 0.0 0.0 0.0 0.0 0.0 0.0 0.0 0.0 0.0 0.0 0.0 0.0 0.0 0.0 0.0 0.0 0.0 0.0 0.0 0.0 0.0 0.0 0.0 0.0 0.0 0.0 0.0 0.0 0.0 0.0 0.0 0.0 0.0 0.0 0.0 0.0 0.0 0.0 0.0 0.0 0.0 0.0 0.0 0.0 0.0 0.0 0.0 0.0 0.0 0.0 0.0 0.0 0.0 
0.0 0.0 0.0 0.0 0.0 0.0 0.0 0.0 0.0 0.0 0.0 0.0 0.0 0.0 0.0 0.0 0.0 0.0 0.0 0.0 0.0 0.0 0.0 0.0 0.0 0.0 0.0 0.0 0.0 0.0 0.0 0.0 0.0 0.0 0.0 0.0 0.0 0.0 0.0 0.0 0.0 0.0 0.0 0.0 0.0 0.0 0.0 0.0 0.0 0.0 0.0 0.0 0.0 0.0 0.0 0.0 0.0 0.0 0.0 0.0 0.0 0.0 0.0 0.0 
0.0 0.0 0.0 0.0 0.0 0.0 0.0 0.0 0.0 0.0 0.0 0.0 0.0 0.0 0.0 0.0 0.0 0.0 0.0 0.0 0.0 0.0 0.0 0.0 0.0 0.0 0.0 0.0 0.0 0.0 0.0 0.0 0.0 0.0 0.0 0.0 0.0 0.0 0.0 0.0 0.0 0.0 0.0 0.0 0.0 0.0 0.0 0.0 0.0 0.0 0.0 0.0 0.0 0.0 0.0 0.0 0.0 0.0 0.0 0.0 0.0 0.0 0.0 0.0 
0.0 0.0 0.0 0.0 0.0 0.0 0.0 0.0 0.0 0.0 0.0 0.0 0.0 0.0 0.0 0.0 0.0 0.0 0.0 0.0 0.0 0.0 0.0 0.0 0.0 0.0 0.0 0.0 0.0 0.0 0.0 0.0 0.0 0.0 0.0 0.0 0.0 0.0 0.0 0.0 0.0 0.0 0.0 0.0 0.0 0.0 0.0 0.0 0.0 0.0 0.0 0.0 0.0 0.0 0.0 0.0 0.0 0.0 0.0 0.0 0.0 0.0 0.0 0.0 
0.0 0.0 0.0 0.0 0.0 0.0 0.0 0.0 0.0 0.0 0.0 0.0 0.0 0.0 0.0 0.0 0.0 0.0 0.04111111111111043 0.08222222222222086 0.08222222222222086 0.08222222222222086 0.08222222222222086 0.08222222222222086 0.08222222222222086 0.08222222222222086 0.08222222222222086 0.08222222222222086 0.08222222222222086 0.08222222222222086 0.08222222222222086 0.08222222222222086 0.08222222222222086 0.08222222222222086 0.08222222222222086 0.08222222222222086 0.08222222222222086 0.08222222222222086 0.08222222222222086 0.08222222222222086 0.08222222222222086 0.08222222222222086 0.08222222222222086 0.08222222222222086 0.041111111111108656 0.0 0.0 0.0 0.0 0.0 0.0 0.0 0.0 0.0 0.0 0.0 0.0 0.0 0.0 0.0 0.0 0.0 0.0 0.0 
0.0 0.0 0.0 0.0 0.0 0.0 0.0 0.0 0.0 0.0 0.0 0.0 0.0 0.0 0.0 0.0 0.0 0.45888888888888957 1.4588888888888896 1.999999999999993 2.0 1.999999999999993 2.0 2.0 2.0 2.0 2.0 2.0 2.0 2.0 2.0 2.0 2.0 2.0 2.0 2.0 2.0 2.0 2.0 2.0 2.0 1.999999999999993 1.999999999999993 1.5411111111111122 0.5411111111111087 0.0 0.0 0.0 0.0 0.0 0.0 0.0 0.0 0.0 0.0 0.0 0.0 0.0 0.0 0.0 0.0 0.0 0.0 0.0 
0.0 0.0 0.0 0.0 0.0 0.0 0.0 0.0 0.0 0.0 0.0 0.0 0.0 0.0 0.0 0.0 0.0 0.9177777777777791 2.8355555555555654 3.8355555555555654 3.8355555555555583 3.8355555555555583 3.835555555555551 3.835555555555551 3.835555555555551 3.835555555555551 3.835555555555551 3.835555555555551 3.835555555555551 3.835555555555551 3.835555555555551 3.835555555555551 3.835555555555551 3.835555555555551 3.835555555555551 3.835555555555551 3.835555555555551 3.835555555555551 3.835555555555551 3.835555555555551 3.8355555555555583 3.8355555555555654 3.8355555555555583 2.9177777777777756 1.0 0.0 0.0 0.0 0.0 0.0 0.0 0.0 0.0 0.0 0.0 0.0 0.0 0.0 0.0 0.0 0.0 0.0 0.0 0.0 
0.0 0.0 0.0 0.0 0.0 0.0 0.0 0.0 0.0 0.0 0.0 0.0 0.0 0.0 0.0 0.0 0.0 0.9177777777777791 2.8355555555555547 3.8355555555555583 3.8355555555555654 3.8355555555555654 3.8355555555555654 3.8355555555555654 3.8355555555555654 3.8355555555555654 3.8355555555555654 3.8355555555555654 3.8355555555555654 3.8355555555555654 3.8355555555555654 3.8355555555555654 3.8355555555555654 3.8355555555555654 3.8355555555555654 3.8355555555555654 3.8355555555555654 3.8355555555555654 3.8355555555555654 3.8355555555555654 3.8355555555555654 3.8355555555555654 3.8355555555555654 2.9177777777777827 1.0 0.0 0.0 0.0 0.0 0.0 0.0 0.0 0.0 0.0 0.0 0.0 0.0 0.0 0.0 0.0 0.0 0.0 0.0 0.0 
0.0 0.0 0.0 0.0 0.0 0.0 0.0 0.0 0.0 0.0 0.0 0.0 0.0 0.0 0.0 0.0 0.0 0.9177777777777827 2.8355555555555654 3.8355555555555654 3.8355555555555654 3.8355555555555654 3.8355555555555654 3.8355555555555654 3.8355555555555654 3.8355555555555654 3.8355555555555654 3.8355555555555654 3.8355555555555654 3.8355555555555654 3.8355555555555654 3.8355555555555654 3.8355555555555654 3.8355555555555654 3.8355555555555654 3.8355555555555654 3.8355555555555654 3.8355555555555654 3.8355555555555654 3.8355555555555654 3.8355555555555654 3.8355555555555654 3.8355555555555654 2.9177777777777827 1.0 0.0 0.0 0.0 0.0 0.0 0.0 0.0 0.0 0.0 0.0 0.0 0.0 0.0 0.0 0.0 0.0 0.0 0.0 0.0 
0.0 0.0 0.0 0.0 0.0 0.0 0.0 0.0 0.0 0.0 0.0 0.0 0.0 0.0 0.0 0.0 0.0 0.9177777777777827 2.8355555555555654 3.8355555555555654 3.8355555555555654 3.8355555555555654 3.8355555555555654 3.8355555555555654 3.8355555555555654 3.8355555555555654 3.8355555555555654 3.8355555555555654 3.8355555555555654 3.8355555555555654 3.8355555555555654 3.8355555555555654 3.8355555555555654 3.8355555555555654 3.8355555555555654 3.8355555555555654 3.8355555555555654 3.8355555555555654 3.8355555555555654 3.8355555555555654 3.8355555555555654 3.8355555555555654 3.8355555555555654 2.9177777777777827 1.0 0.0 0.0 0.0 0.0 0.0 0.0 0.0 0.0 0.0 0.0 0.0 0.0 0.0 0.0 0.0 0.0 0.0 0.0 0.0 
0.0 0.0 0.0 0.0 0.0 0.0 0.0 0.0 0.0 0.0 0.0 0.0 0.0 0.0 0.0 0.0 0.0 0.9177777777777827 2.835555555555569 3.8355555555555725 3.8355555555555725 3.8355555555555725 3.8355555555555725 3.8355555555555725 3.8355555555555725 3.8355555555555725 3.8355555555555725 3.8355555555555725 3.8355555555555725 3.8355555555555725 3.8355555555555725 3.8355555555555725 3.8355555555555725 3.8355555555555725 3.8355555555555725 3.8355555555555725 3.8355555555555725 3.8355555555555725 3.8355555555555725 3.8355555555555725 3.8355555555555725 3.8355555555555725 3.8355555555555725 2.91777777777779 1.0000000000000036 0.0 0.0 0.0 0.0 0.0 0.0 0.0 0.0 0.0 0.0 0.0 0.0 0.0 0.0 0.0 0.0 0.0 0.0 0.0 
0.0 0.0 0.0 0.0 0.0 0.0 0.0 0.0 0.0 0.0 0.0 0.0 0.0 0.0 0.0 0.0 0.0 0.9177777777777791 2.8355555555555583 3.8355555555555583 3.835555555555551 3.835555555555551 3.8355555555555583 3.8355555555555583 3.8355555555555583 3.8355555555555583 3.8355555555555583 3.8355555555555583 3.8355555555555583 3.8355555555555583 3.8355555555555583 3.8355555555555583 3.8355555555555583 3.8355555555555583 3.8355555555555583 3.8355555555555583 3.8355555555555583 3.8355555555555583 3.8355555555555583 3.8355555555555583 3.8355555555555583 3.8355555555555583 3.8355555555555583 2.917777777777772 1.0 0.0 0.0 0.0 0.0 0.0 0.0 0.0 0.0 0.0 0.0 0.0 0.0 0.0 0.0 0.0 0.0 0.0 0.0 0.0 
0.0 0.0 0.0 0.0 0.0 0.0 0.0 0.0 0.0 0.0 0.0 0.0 0.0 0.0 0.0 0.0 0.0 0.9177777777777791 2.8355555555555583 3.8355555555555654 3.8355555555555725 3.8355555555555583 3.8355555555555583 3.8355555555555583 3.8355555555555583 3.8355555555555583 3.8355555555555583 3.8355555555555583 3.8355555555555583 3.8355555555555583 3.8355555555555583 3.8355555555555583 3.8355555555555583 3.8355555555555583 3.8355555555555583 3.8355555555555583 3.8355555555555583 3.8355555555555583 3.8355555555555583 3.8355555555555583 3.8355555555555583 3.8355555555555583 3.8355555555555654 2.9177777777777862 1.0 0.0 0.0 0.0 0.0 0.0 0.0 0.0 0.0 0.0 0.0 0.0 0.0 0.0 0.0 0.0 0.0 0.0 0.0 0.0 
0.0 0.0 0.0 0.0 0.0 0.0 0.0 0.0 0.0 0.0 0.0 0.0 0.0 0.0 0.0 0.0 0.0 0.9177777777777791 2.8355555555555547 3.835555555555551 3.8355555555555583 3.8355555555555583 3.835555555555551 3.835555555555551 3.835555555555551 3.835555555555551 3.835555555555551 3.835555555555551 3.835555555555551 3.835555555555551 3.835555555555551 3.835555555555551 3.835555555555551 3.835555555555551 3.835555555555551 3.835555555555551 3.835555555555551 3.835555555555551 3.835555555555551 3.835555555555551 3.835555555555551 3.835555555555551 3.835555555555551 2.917777777777772 0.9999999999999964 0.0 0.0 0.0 0.0 0.0 0.0 0.0 0.0 0.0 0.0 0.0 0.0 0.0 0.0 0.0 0.0 0.0 0.0 0.0 
0.0 0.0 0.0 0.0 0.0 0.0 0.0 0.0 0.0 0.0 0.0 0.0 0.0 0.0 0.0 0.0 0.0 0.9177777777777827 2.8355555555555654 3.8355555555555654 3.8355555555555654 3.8355555555555654 3.8355555555555654 3.8355555555555654 3.8355555555555654 3.8355555555555654 3.8355555555555654 3.8355555555555654 3.8355555555555654 3.8355555555555654 3.8355555555555654 3.8355555555555654 3.8355555555555654 3.8355555555555654 3.8355555555555654 3.8355555555555654 3.8355555555555654 3.8355555555555654 3.8355555555555654 3.8355555555555654 3.8355555555555654 3.8355555555555654 3.8355555555555654 2.9177777777777827 1.0 0.0 0.0 0.0 0.0 0.0 0.0 0.0 0.0 0.0 0.0 0.0 0.0 0.0 0.0 0.0 0.0 0.0 0.0 0.0 
0.0 0.0 0.0 0.0 0.0 0.0 0.0 0.0 0.0 0.0 0.0 0.0 0.0 0.0 0.0 0.0 0.0 0.9177777777777827 2.835555555555569 3.8355555555555725 3.8355555555555725 3.8355555555555725 3.8355555555555725 3.8355555555555725 3.8355555555555725 3.8355555555555725 3.8355555555555725 3.8355555555555725 3.8355555555555725 3.8355555555555725 3.8355555555555725 3.8355555555555725 3.8355555555555725 3.8355555555555725 3.8355555555555725 3.8355555555555725 3.8355555555555725 3.8355555555555725 3.8355555555555725 3.8355555555555725 3.8355555555555725 3.8355555555555725 3.8355555555555725 2.91777777777779 1.0000000000000036 0.0 0.0 0.0 0.0 0.0 0.0 0.0 0.0 0.0 0.0 0.0 0.0 0.0 0.0 0.0 0.0 0.0 0.0 0.0 
0.0 0.0 0.0 0.0 0.0 0.0 0.0 0.0 0.0 0.0 0.0 0.0 0.0 0.0 0.0 0.0 0.0 0.9177777777777791 2.8355555555555583 3.8355555555555583 3.8355555555555583 3.8355555555555583 3.8355555555555583 3.8355555555555583 3.8355555555555583 3.8355555555555583 3.8355555555555583 3.8355555555555583 3.8355555555555583 3.8355555555555583 3.8355555555555583 3.8355555555555583 3.8355555555555583 3.8355555555555583 3.8355555555555583 3.8355555555555583 3.8355555555555583 3.8355555555555583 3.8355555555555583 3.8355555555555583 3.8355555555555583 3.8355555555555583 3.8355555555555583 2.917777777777779 1.0 0.0 0.0 0.0 0.0 0.0 0.0 0.0 0.0 0.0 0.0 0.0 0.0 0.0 0.0 0.0 0.0 0.0 0.0 0.0 
0.0 0.0 0.0 0.0 0.0 0.0 0.0 0.0 0.0 0.0 0.0 0.0 0.0 0.0 0.0 0.0 0.0 0.9177777777777791 2.8355555555555583 3.8355555555555583 3.8355555555555583 3.8355555555555583 3.8355555555555583 3.8355555555555583 3.8355555555555583 3.8355555555555583 3.8355555555555583 3.8355555555555583 3.8355555555555583 3.8355555555555583 3.8355555555555583 3.8355555555555583 3.8355555555555583 3.8355555555555583 3.8355555555555583 3.8355555555555583 3.8355555555555583 3.8355555555555583 3.8355555555555583 3.8355555555555583 3.8355555555555583 3.8355555555555583 3.8355555555555583 2.917777777777779 1.0 0.0 0.0 0.0 0.0 0.0 0.0 0.0 0.0 0.0 0.0 0.0 0.0 0.0 0.0 0.0 0.0 0.0 0.0 0.0 
0.0 0.0 0.0 0.0 0.0 0.0 0.0 0.0 0.0 0.0 0.0 0.0 0.0 0.0 0.0 0.0 0.0 0.9177777777777791 2.8355555555555583 3.8355555555555583 3.8355555555555583 3.8355555555555583 3.8355555555555583 3.8355555555555583 3.8355555555555583 3.8355555555555583 3.8355555555555583 3.8355555555555583 3.8355555555555583 3.8355555555555583 3.8355555555555583 3.8355555555555583 3.8355555555555583 3.8355555555555583 3.8355555555555583 3.8355555555555583 3.8355555555555583 3.8355555555555583 3.8355555555555583 3.8355555555555583 3.8355555555555583 3.8355555555555583 3.8355555555555583 2.917777777777779 1.0 0.0 0.0 0.0 0.0 0.0 0.0 0.0 0.0 0.0 0.0 0.0 0.0 0.0 0.0 0.0 0.0 0.0 0.0 0.0 
0.0 0.0 0.0 0.0 0.0 0.0 0.0 0.0 0.0 0.0 0.0 0.0 0.0 0.0 0.0 0.0 0.0 0.9177777777777791 2.8355555555555583 3.8355555555555583 3.8355555555555583 3.8355555555555583 3.8355555555555583 3.8355555555555583 3.8355555555555583 3.8355555555555583 3.8355555555555583 3.8355555555555583 3.8355555555555583 3.8355555555555583 3.8355555555555583 3.8355555555555583 3.8355555555555583 3.8355555555555583 3.8355555555555583 3.8355555555555583 3.8355555555555583 3.8355555555555583 3.8355555555555583 3.8355555555555583 3.8355555555555583 3.8355555555555583 3.8355555555555583 2.917777777777779 1.0 0.0 0.0 0.0 0.0 0.0 0.0 0.0 0.0 0.0 0.0 0.0 0.0 0.0 0.0 0.0 0.0 0.0 0.0 0.0 
0.0 0.0 0.0 0.0 0.0 0.0 0.0 0.0 0.0 0.0 0.0 0.0 0.0 0.0 0.0 0.0 0.0 0.9177777777777791 2.8355555555555583 3.8355555555555583 3.8355555555555583 3.8355555555555583 3.8355555555555583 3.8355555555555583 3.8355555555555583 3.8355555555555583 3.8355555555555583 3.8355555555555583 3.8355555555555583 3.8355555555555583 3.8355555555555583 3.8355555555555583 3.8355555555555583 3.8355555555555583 3.8355555555555583 3.8355555555555583 3.8355555555555583 3.8355555555555583 3.8355555555555583 3.8355555555555583 3.8355555555555583 3.8355555555555583 3.8355555555555583 2.917777777777779 1.0 0.0 0.0 0.0 0.0 0.0 0.0 0.0 0.0 0.0 0.0 0.0 0.0 0.0 0.0 0.0 0.0 0.0 0.0 0.0 
0.0 0.0 0.0 0.0 0.0 0.0 0.0 0.0 0.0 0.0 0.0 0.0 0.0 0.0 0.0 0.0 0.0 0.9177777777777791 2.8355555555555583 3.8355555555555583 3.8355555555555583 3.8355555555555583 3.8355555555555583 3.8355555555555583 3.8355555555555583 3.8355555555555583 3.8355555555555583 3.8355555555555583 3.8355555555555583 3.8355555555555583 3.8355555555555583 3.8355555555555583 3.8355555555555583 3.8355555555555583 3.8355555555555583 3.8355555555555583 3.8355555555555583 3.8355555555555583 3.8355555555555583 3.8355555555555583 3.8355555555555583 3.8355555555555583 3.8355555555555583 2.917777777777779 1.0 0.0 0.0 0.0 0.0 0.0 0.0 0.0 0.0 0.0 0.0 0.0 0.0 0.0 0.0 0.0 0.0 0.0 0.0 0.0 
0.0 0.0 0.0 0.0 0.0 0.0 0.0 0.0 0.0 0.0 0.0 0.0 0.0 0.0 0.0 0.0 0.0 0.9177777777777791 2.8355555555555583 3.8355555555555583 3.8355555555555583 3.8355555555555583 3.8355555555555583 3.8355555555555583 3.8355555555555583 3.8355555555555583 3.8355555555555583 3.8355555555555583 3.8355555555555583 3.8355555555555583 3.8355555555555583 3.8355555555555583 3.8355555555555583 3.8355555555555583 3.8355555555555583 3.8355555555555583 3.8355555555555583 3.8355555555555583 3.8355555555555583 3.8355555555555583 3.8355555555555583 3.8355555555555583 3.8355555555555583 2.917777777777779 1.0 0.0 0.0 0.0 0.0 0.0 0.0 0.0 0.0 0.0 0.0 0.0 0.0 0.0 0.0 0.0 0.0 0.0 0.0 0.0 
0.0 0.0 0.0 0.0 0.0 0.0 0.0 0.0 0.0 0.0 0.0 0.0 0.0 0.0 0.0 0.0 0.0 0.9177777777777791 2.8355555555555583 3.8355555555555583 3.8355555555555583 3.8355555555555583 3.8355555555555583 3.8355555555555583 3.8355555555555583 3.8355555555555583 3.8355555555555583 3.8355555555555583 3.8355555555555583 3.8355555555555583 3.8355555555555583 3.8355555555555583 3.8355555555555583 3.8355555555555583 3.8355555555555583 3.8355555555555583 3.8355555555555583 3.8355555555555583 3.8355555555555583 3.8355555555555583 3.8355555555555583 3.8355555555555583 3.8355555555555583 2.917777777777779 1.0 0.0 0.0 0.0 0.0 0.0 0.0 0.0 0.0 0.0 0.0 0.0 0.0 0.0 0.0 0.0 0.0 0.0 0.0 0.0 
0.0 0.0 0.0 0.0 0.0 0.0 0.0 0.0 0.0 0.0 0.0 0.0 0.0 0.0 0.0 0.0 0.0 0.9177777777777791 2.8355555555555583 3.8355555555555583 3.8355555555555583 3.8355555555555583 3.8355555555555583 3.8355555555555583 3.8355555555555583 3.8355555555555583 3.8355555555555583 3.8355555555555583 3.8355555555555583 3.8355555555555583 3.8355555555555583 3.8355555555555583 3.8355555555555583 3.8355555555555583 3.8355555555555583 3.8355555555555583 3.8355555555555583 3.8355555555555583 3.8355555555555583 3.8355555555555583 3.8355555555555583 3.8355555555555583 3.8355555555555583 2.917777777777779 1.0 0.0 0.0 0.0 0.0 0.0 0.0 0.0 0.0 0.0 0.0 0.0 0.0 0.0 0.0 0.0 0.0 0.0 0.0 0.0 
0.0 0.0 0.0 0.0 0.0 0.0 0.0 0.0 0.0 0.0 0.0 0.0 0.0 0.0 0.0 0.0 0.0 0.9177777777777791 2.8355555555555583 3.8355555555555583 3.8355555555555583 3.8355555555555583 3.8355555555555583 3.8355555555555583 3.8355555555555583 3.8355555555555583 3.8355555555555583 3.8355555555555583 3.8355555555555583 3.8355555555555583 3.8355555555555583 3.8355555555555583 3.8355555555555583 3.8355555555555583 3.8355555555555583 3.8355555555555583 3.8355555555555583 3.8355555555555583 3.8355555555555583 3.8355555555555583 3.8355555555555583 3.8355555555555583 3.8355555555555583 2.917777777777779 1.0 0.0 0.0 0.0 0.0 0.0 0.0 0.0 0.0 0.0 0.0 0.0 0.0 0.0 0.0 0.0 0.0 0.0 0.0 0.0 
0.0 0.0 0.0 0.0 0.0 0.0 0.0 0.0 0.0 0.0 0.0 0.0 0.0 0.0 0.0 0.0 0.0 0.9177777777777791 2.8355555555555583 3.8355555555555583 3.8355555555555583 3.8355555555555583 3.8355555555555583 3.8355555555555583 3.8355555555555583 3.8355555555555583 3.8355555555555583 3.8355555555555583 3.8355555555555583 3.8355555555555583 3.8355555555555583 3.8355555555555583 3.8355555555555583 3.8355555555555583 3.8355555555555583 3.8355555555555583 3.8355555555555583 3.8355555555555583 3.8355555555555583 3.8355555555555583 3.8355555555555583 3.8355555555555583 3.8355555555555583 2.917777777777779 1.0 0.0 0.0 0.0 0.0 0.0 0.0 0.0 0.0 0.0 0.0 0.0 0.0 0.0 0.0 0.0 0.0 0.0 0.0 0.0 
0.0 0.0 0.0 0.0 0.0 0.0 0.0 0.0 0.0 0.0 0.0 0.0 0.0 0.0 0.0 0.0 0.0 0.9177777777777791 2.8355555555555583 3.8355555555555583 3.8355555555555583 3.8355555555555583 3.8355555555555583 3.8355555555555583 3.8355555555555583 3.8355555555555583 3.8355555555555583 3.8355555555555583 3.8355555555555583 3.8355555555555583 3.8355555555555583 3.8355555555555583 3.8355555555555583 3.8355555555555583 3.8355555555555583 3.8355555555555583 3.8355555555555583 3.8355555555555583 3.8355555555555583 3.8355555555555583 3.8355555555555583 3.8355555555555583 3.8355555555555583 2.917777777777779 1.0 0.0 0.0 0.0 0.0 0.0 0.0 0.0 0.0 0.0 0.0 0.0 0.0 0.0 0.0 0.0 0.0 0.0 0.0 0.0 
0.0 0.0 0.0 0.0 0.0 0.0 0.0 0.0 0.0 0.0 0.0 0.0 0.0 0.0 0.0 0.0 0.0 0.9177777777777791 2.8355555555555583 3.8355555555555583 3.8355555555555583 3.8355555555555583 3.8355555555555583 3.8355555555555583 3.8355555555555583 3.8355555555555583 3.8355555555555583 3.8355555555555583 3.8355555555555583 3.8355555555555583 3.8355555555555583 3.8355555555555583 3.8355555555555583 3.8355555555555583 3.8355555555555583 3.8355555555555583 3.8355555555555583 3.8355555555555583 3.8355555555555583 3.8355555555555583 3.8355555555555583 3.8355555555555583 3.8355555555555583 2.917777777777779 1.0 0.0 0.0 0.0 0.0 0.0 0.0 0.0 0.0 0.0 0.0 0.0 0.0 0.0 0.0 0.0 0.0 0.0 0.0 0.0 
0.0 0.0 0.0 0.0 0.0 0.0 0.0 0.0 0.0 0.0 0.0 0.0 0.0 0.0 0.0 0.0 0.0 0.9177777777777791 2.8355555555555583 3.8355555555555583 3.8355555555555583 3.8355555555555583 3.8355555555555583 3.8355555555555583 3.8355555555555583 3.8355555555555583 3.8355555555555583 3.8355555555555583 3.8355555555555583 3.8355555555555583 3.8355555555555583 3.8355555555555583 3.8355555555555583 3.8355555555555583 3.8355555555555583 3.8355555555555583 3.8355555555555583 3.8355555555555583 3.8355555555555583 3.8355555555555583 3.8355555555555583 3.8355555555555583 3.8355555555555583 2.917777777777779 1.0 0.0 0.0 0.0 0.0 0.0 0.0 0.0 0.0 0.0 0.0 0.0 0.0 0.0 0.0 0.0 0.0 0.0 0.0 0.0 
0.0 0.0 0.0 0.0 0.0 0.0 0.0 0.0 0.0 0.0 0.0 0.0 0.0 0.0 0.0 0.0 0.0 0.9177777777777791 2.794444444444448 3.7533333333333374 3.7533333333333374 3.7533333333333374 3.7533333333333374 3.7533333333333374 3.7533333333333374 3.7533333333333374 3.7533333333333374 3.7533333333333374 3.7533333333333374 3.7533333333333374 3.7533333333333374 3.7533333333333374 3.7533333333333374 3.7533333333333374 3.7533333333333374 3.7533333333333374 3.7533333333333374 3.7533333333333374 3.7533333333333374 3.7533333333333374 3.7533333333333374 3.7533333333333374 3.7533333333333374 2.8355555555555583 0.9588888888888896 0.0 0.0 0.0 0.0 0.0 0.0 0.0 0.0 0.0 0.0 0.0 0.0 0.0 0.0 0.0 0.0 0.0 0.0 0.0 
0.0 0.0 0.0 0.0 0.0 0.0 0.0 0.0 0.0 0.0 0.0 0.0 0.0 0.0 0.0 0.0 0.0 0.45888888888888957 1.3766666666666687 1.8355555555555583 1.8355555555555583 1.8355555555555583 1.8355555555555583 1.8355555555555583 1.8355555555555583 1.8355555555555583 1.8355555555555583 1.8355555555555583 1.8355555555555583 1.8355555555555583 1.8355555555555583 1.8355555555555583 1.8355555555555583 1.8355555555555583 1.8355555555555583 1.8355555555555583 1.8355555555555583 1.8355555555555583 1.8355555555555583 1.8355555555555583 1.8355555555555583 1.8355555555555583 1.8355555555555583 1.3766666666666687 0.45888888888888957 0.0 0.0 0.0 0.0 0.0 0.0 0.0 0.0 0.0 0.0 0.0 0.0 0.0 0.0 0.0 0.0 0.0 0.0 0.0 
0.0 0.0 0.0 0.0 0.0 0.0 0.0 0.0 0.0 0.0 0.0 0.0 0.0 0.0 0.0 0.0 0.0 0.0 0.0 0.0 0.0 0.0 0.0 0.0 0.0 0.0 0.0 0.0 0.0 0.0 0.0 0.0 0.0 0.0 0.0 0.0 0.0 0.0 0.0 0.0 0.0 0.0 0.0 0.0 0.0 0.0 0.0 0.0 0.0 0.0 0.0 0.0 0.0 0.0 0.0 0.0 0.0 0.0 0.0 0.0 0.0 0.0 0.0 0.0 
0.0 0.0 0.0 0.0 0.0 0.0 0.0 0.0 0.0 0.0 0.0 0.0 0.0 0.0 0.0 0.0 0.0 0.0 0.0 0.0 0.0 0.0 0.0 0.0 0.0 0.0 0.0 0.0 0.0 0.0 0.0 0.0 0.0 0.0 0.0 0.0 0.0 0.0 0.0 0.0 0.0 0.0 0.0 0.0 0.0 0.0 0.0 0.0 0.0 0.0 0.0 0.0 0.0 0.0 0.0 0.0 0.0 0.0 0.0 0.0 0.0 0.0 0.0 0.0 
0.0 0.0 0.0 0.0 0.0 0.0 0.0 0.0 0.0 0.0 0.0 0.0 0.0 0.0 0.0 0.0 0.0 0.0 0.0 0.0 0.0 0.0 0.0 0.0 0.0 0.0 0.0 0.0 0.0 0.0 0.0 0.0 0.0 0.0 0.0 0.0 0.0 0.0 0.0 0.0 0.0 0.0 0.0 0.0 0.0 0.0 0.0 0.0 0.0 0.0 0.0 0.0 0.0 0.0 0.0 0.0 0.0 0.0 0.0 0.0 0.0 0.0 0.0 0.0 
0.0 0.0 0.0 0.0 0.0 0.0 0.0 0.0 0.0 0.0 0.0 0.0 0.0 0.0 0.0 0.0 0.0 0.0 0.0 0.0 0.0 0.0 0.0 0.0 0.0 0.0 0.0 0.0 0.0 0.0 0.0 0.0 0.0 0.0 0.0 0.0 0.0 0.0 0.0 0.0 0.0 0.0 0.0 0.0 0.0 0.0 0.0 0.0 0.0 0.0 0.0 0.0 0.0 0.0 0.0 0.0 0.0 0.0 0.0 0.0 0.0 0.0 0.0 0.0 
0.0 0.0 0.0 0.0 0.0 0.0 0.0 0.0 0.0 0.0 0.0 0.0 0.0 0.0 0.0 0.0 0.0 0.0 0.0 0.0 0.0 0.0 0.0 0.0 0.0 0.0 0.0 0.0 0.0 0.0 0.0 0.0 0.0 0.0 0.0 0.0 0.0 0.0 0.0 0.0 0.0 0.0 0.0 0.0 0.0 0.0 0.0 0.0 0.0 0.0 0.0 0.0 0.0 0.0 0.0 0.0 0.0 0.0 0.0 0.0 0.0 0.0 0.0 0.0 
0.0 0.0 0.0 0.0 0.0 0.0 0.0 0.0 0.0 0.0 0.0 0.0 0.0 0.0 0.0 0.0 0.0 0.0 0.0 0.0 0.0 0.0 0.0 0.0 0.0 0.0 0.0 0.0 0.0 0.0 0.0 0.0 0.0 0.0 0.0 0.0 0.0 0.0 0.0 0.0 0.0 0.0 0.0 0.0 0.0 0.0 0.0 0.0 0.0 0.0 0.0 0.0 0.0 0.0 0.0 0.0 0.0 0.0 0.0 0.0 0.0 0.0 0.0 0.0 
0.0 0.0 0.0 0.0 0.0 0.0 0.0 0.0 0.0 0.0 0.0 0.0 0.0 0.0 0.0 0.0 0.0 0.0 0.0 0.0 0.0 0.0 0.0 0.0 0.0 0.0 0.0 0.0 0.0 0.0 0.0 0.0 0.0 0.0 0.0 0.0 0.0 0.0 0.0 0.0 0.0 0.0 0.0 0.0 0.0 0.0 0.0 0.0 0.0 0.0 0.0 0.0 0.0 0.0 0.0 0.0 0.0 0.0 0.0 0.0 0.0 0.0 0.0 0.0 
0.0 0.0 0.0 0.0 0.0 0.0 0.0 0.0 0.0 0.0 0.0 0.0 0.0 0.0 0.0 0.0 0.0 0.0 0.0 0.0 0.0 0.0 0.0 0.0 0.0 0.0 0.0 0.0 0.0 0.0 0.0 0.0 0.0 0.0 0.0 0.0 0.0 0.0 0.0 0.0 0.0 0.0 0.0 0.0 0.0 0.0 0.0 0.0 0.0 0.0 0.0 0.0 0.0 0.0 0.0 0.0 0.0 0.0 0.0 0.0 0.0 0.0 0.0 0.0 
0.0 0.0 0.0 0.0 0.0 0.0 0.0 0.0 0.0 0.0 0.0 0.0 0.0 0.0 0.0 0.0 0.0 0.0 0.0 0.0 0.0 0.0 0.0 0.0 0.0 0.0 0.0 0.0 0.0 0.0 0.0 0.0 0.0 0.0 0.0 0.0 0.0 0.0 0.0 0.0 0.0 0.0 0.0 0.0 0.0 0.0 0.0 0.0 0.0 0.0 0.0 0.0 0.0 0.0 0.0 0.0 0.0 0.0 0.0 0.0 0.0 0.0 0.0 0.0 
0.0 0.0 0.0 0.0 0.0 0.0 0.0 0.0 0.0 0.0 0.0 0.0 0.0 0.0 0.0 0.0 0.0 0.0 0.0 0.0 0.0 0.0 0.0 0.0 0.0 0.0 0.0 0.0 0.0 0.0 0.0 0.0 0.0 0.0 0.0 0.0 0.0 0.0 0.0 0.0 0.0 0.0 0.0 0.0 0.0 0.0 0.0 0.0 0.0 0.0 0.0 0.0 0.0 0.0 0.0 0.0 0.0 0.0 0.0 0.0 0.0 0.0 0.0 0.0 
0.0 0.0 0.0 0.0 0.0 0.0 0.0 0.0 0.0 0.0 0.0 0.0 0.0 0.0 0.0 0.0 0.0 0.0 0.0 0.0 0.0 0.0 0.0 0.0 0.0 0.0 0.0 0.0 0.0 0.0 0.0 0.0 0.0 0.0 0.0 0.0 0.0 0.0 0.0 0.0 0.0 0.0 0.0 0.0 0.0 0.0 0.0 0.0 0.0 0.0 0.0 0.0 0.0 0.0 0.0 0.0 0.0 0.0 0.0 0.0 0.0 0.0 0.0 0.0 
0.0 0.0 0.0 0.0 0.0 0.0 0.0 0.0 0.0 0.0 0.0 0.0 0.0 0.0 0.0 0.0 0.0 0.0 0.0 0.0 0.0 0.0 0.0 0.0 0.0 0.0 0.0 0.0 0.0 0.0 0.0 0.0 0.0 0.0 0.0 0.0 0.0 0.0 0.0 0.0 0.0 0.0 0.0 0.0 0.0 0.0 0.0 0.0 0.0 0.0 0.0 0.0 0.0 0.0 0.0 0.0 0.0 0.0 0.0 0.0 0.0 0.0 0.0 0.0 
0.0 0.0 0.0 0.0 0.0 0.0 0.0 0.0 0.0 0.0 0.0 0.0 0.0 0.0 0.0 0.0 0.0 0.0 0.0 0.0 0.0 0.0 0.0 0.0 0.0 0.0 0.0 0.0 0.0 0.0 0.0 0.0 0.0 0.0 0.0 0.0 0.0 0.0 0.0 0.0 0.0 0.0 0.0 0.0 0.0 0.0 0.0 0.0 0.0 0.0 0.0 0.0 0.0 0.0 0.0 0.0 0.0 0.0 0.0 0.0 0.0 0.0 0.0 0.0 
0.0 0.0 0.0 0.0 0.0 0.0 0.0 0.0 0.0 0.0 0.0 0.0 0.0 0.0 0.0 0.0 0.0 0.0 0.0 0.0 0.0 0.0 0.0 0.0 0.0 0.0 0.0 0.0 0.0 0.0 0.0 0.0 0.0 0.0 0.0 0.0 0.0 0.0 0.0 0.0 0.0 0.0 0.0 0.0 0.0 0.0 0.0 0.0 0.0 0.0 0.0 0.0 0.0 0.0 0.0 0.0 0.0 0.0 0.0 0.0 0.0 0.0 0.0 0.0 
0.0 0.0 0.0 0.0 0.0 0.0 0.0 0.0 0.0 0.0 0.0 0.0 0.0 0.0 0.0 0.0 0.0 0.0 0.0 0.0 0.0 0.0 0.0 0.0 0.0 0.0 0.0 0.0 0.0 0.0 0.0 0.0 0.0 0.0 0.0 0.0 0.0 0.0 0.0 0.0 0.0 0.0 0.0 0.0 0.0 0.0 0.0 0.0 0.0 0.0 0.0 0.0 0.0 0.0 0.0 0.0 0.0 0.0 0.0 0.0 0.0 0.0 0.0 0.0 
0.0 0.0 0.0 0.0 0.0 0.0 0.0 0.0 0.0 0.0 0.0 0.0 0.0 0.0 0.0 0.0 0.0 0.0 0.0 0.0 0.0 0.0 0.0 0.0 0.0 0.0 0.0 0.0 0.0 0.0 0.0 0.0 0.0 0.0 0.0 0.0 0.0 0.0 0.0 0.0 0.0 0.0 0.0 0.0 0.0 0.0 0.0 0.0 0.0 0.0 0.0 0.0 0.0 0.0 0.0 0.0 0.0 0.0 0.0 0.0 0.0 0.0 0.0 0.0 
