0.0 0.0 0.0 0.0 0.0 0.0 0.0 0.0 0.0 0.0 0.0 0.0 0.0 0.0 0.0 0.0 0.0 0.0 0.0 0.0 0.0 0.0 0.0 0.0 0.0 0.0 0.0 0.0 0.0 0.0 0.0 0.0 0.0 0.0 0.0 0.0 0.0 0.0 0.0 0.0 0.0 0.0 0.0 0.0 0.0 0.0 0.0 0.0 0.0 0.0 0.0 0.0 0.0 0.0 0.0 0.0 0.0 0.0 0.0 0.0 0.0 0.0 0.0 0.0 
0.0 0.0 0.0 0.0 0.0 0.0 0.0 0.0 0.0 0.0 0.0 0.0 0.0 0.0 0.0 0.0 0.0 0.0 0.0 0.0 0.0 0.0 0.0 0.0 0.0 0.0 0.0 0.0 0.0 0.0 0.0 0.0 0.0 0.0 0.0 0.0 0.0 0.0 0.0 0.0 0.0 0.0 0.0 0.0 0.0 0.0 0.0 0.0 0.0 0.0 0.0 0.0 0.0 0.0 0.0 0.0 0.0 0.0 0.0 0.0 0.0 0.0 0.0 0.0 
0.0 0.0 0.0 0.0 0.0 0.0 0.0 0.0 0.0 0.0 0.0 0.0 0.0 0.0 0.0 0.0 0.0 0.0 0.0 0.0 0.0 0.0 0.0 0.0 0.0 0.0 0.0 0.0 0.0 0.0 0.0 0.0 0.0 0.0 0.0 0.0 0.0 0.0 0.0 0.0 0.0 0.0 0.0 0.0 0.0 0.0 0.0 0.0 0.0 0.0 0.0 0.0 0.0 0.0 0.0 0.0 0.0 0.0 0.0 0.0 0.0 0.0 0.0 0.0 
0.0 0.0 0.0 0.0 0.0 0.0 0.0 0.0 0.0 0.0 0.0 0.0 0.0 0.0 0.0 0.0 0.0 0.0 0.0 0.0 0.0 0.0 0.0 0.0 0.0 0.0 0.0 0.0 0.0 0.0 0.0 0.0 0.0 0.0 0.0 0.0 0.0 0.0 0.0 0.0 0.0 0.0 0.0 0.0 0.0 0.0 0.0 0.0 0.0 0.0 0.0 0.0 0.0 0.0 0.0 0.0 0.0 0.0 0.0 0.0 0.0 0.0 0.0 0.0 
0.0 0.0 0.0 0.0 0.0 0.0 0.0 0.0 0.0 0.0 0.0 0.0 0.0 0.0 0.0 0.0 0.0 0.0 0.0 0.0 0.0 0.0 0.0 0.0 0.0 0.0 0.0 0.0 0.0 0.0 0.0 0.0 0.0 0.0 0.0 0.0 0.0 0.0 0.0 0.0 0.0 0.0 0.0 0.0 0.0 0.0 0.0 0.0 0.0 0.0 0.0 0.0 0.0 0.0 0.0 0.0 0.0 0.0 0.0 0.0 0.0 0.0 0.0 0.0 
0.0 0.0 0.0 0.0 0.0 0.0 0.0 0.0 0.0 0.0 0.0 0.0 0.0 0.0 0.0 0.0 0.0 0.0 0.0 0.0 0.0 0.0 0.0 0.0 0.0 0.0 0.0 0.0 0.0 0.0 0.0 0.0 0.0 0.0 0.0 0.0 0.0 0.0 0.0 0.0 0.0 0.0 0.0 0.0 0.0 0.0 0.0 0.0 0.0 0.0 0.0 0.0 0.0 0.0 0.0 0.0 0.0 0.0 0.0 0.0 0.0 0.0 0.0 0.0 
0.0 0.0 0.0 0.0 0.0 0.0 0.0 0.0 0.0 0.0 0.0 0.0 0.0 0.0 0.0 0.0 0.0 0.0 0.0 0.0 0.0 0.0 0.0 0.0 0.0 0.0 0.0 0.0 0.0 0.0 0.0 0.0 0.0 0.0 0.0 0.0 0.0 0.0 0.0 0.0 0.0 0.0 0.0 0.0 0.0 0.0 0.0 0.0 0.0 0.0 0.0 0.0 0.0 0.0 0.0 0.0 0.0 0.0 0.0 0.0 0.0 0.0 0.0 0.0 
0.0 0.0 0.0 0.0 0.0 0.0 0.0 0.0 0.0 0.0 0.0 0.0 0.0 0.0 0.0 0.0 0.0 0.0 0.0 0.0 0.0 0.0 0.0 0.0 0.0 0.0 0.0 0.0 0.0 0.0 0.0 0.0 0.0 0.0 0.0 0.0 0.0 0.0 0.0 0.0 0.0 0.0 0.0 0.0 0.0 0.0 0.0 0.0 0.0 0.0 0.0 0.0 0.0 0.0 0.0 0.0 0.0 0.0 0.0 0.0 0.0 0.0 0.0 0.0 
0.0 0.0 0.0 0.0 0.0 0.0 0.0 0.0 0.0 0.0 0.0 0.0 0.0 0.0 0.0 0.0 0.0 0.0 0.0 0.0 0.0 0.0 0.0 0.0 0.0 0.0 0.0 0.0 0.0 0.0 0.0 0.0 0.0 0.0 0.0 0.0 0.0 0.0 0.0 0.0 0.0 0.0 0.0 0.0 0.0 0.0 0.0 0.0 0.0 0.0 0.0 0.0 0.0 0.0 0.0 0.0 0.0 0.0 0.0 0.0 0.0 0.0 0.0 0.0 
0.0 0.0 0.0 0.0 0.0 0.0 0.0 0.0 0.0 0.0 0.0 0.0 0.0 0.0 0.0 0.0 0.0 0.0 0.0 0.0 0.0 0.0 0.0 0.0 0.0 0.0 0.0 0.0 0.0 0.0 0.0 0.0 0.0 0.0 0.0 0.0 0.0 0.0 0.0 0.0 0.0 0.0 0.0 0.0 0.0 0.0 0.0 0.0 0.0 0.0 0.0 0.0 0.0 0.0 0.0 0.0 0.0 0.0 0.0 0.0 0.0 0.0 0.0 0.0 
0.0 0.0 0.0 0.0 0.0 0.0 0.0 0.0 0.0 0.0 0.0 0.0 0.0 0.0 0.0 0.0 0.0 0.0 0.0 0.0 0.0 0.0 0.0 0.0 0.0 0.0 0.0 0.0 0.0 0.0 0.0 0.0 0.0 0.0 0.0 0.0 0.0 0.0 0.0 0.0 0.0 0.0 0.0 0.0 0.0 0.0 0.0 0.0 0.0 0.0 0.0 0.0 0.0 0.0 0.0 0.0 0.0 0.0 0.0 0.0 0.0 0.0 0.0 0.0 
0.0 0.0 0.0 0.0 0.0 0.0 0.0 0.0 0.0 0.0 0.0 0.0 0.0 0.0 0.0 0.0 0.0 0.0 0.0 0.0 0.0 0.0 0.0 0.0 0.0 0.0 0.0 0.0 0.0 0.0 0.0 0.0 0.0 0.0 0.0 0.0 0.0 0.0 0.0 0.0 0.0 0.0 0.0 0.0 0.0 0.0 0.0 0.0 0.0 0.0 0.0 0.0 0.0 0.0 0.0 0.0 0.0 0.0 0.0 0.0 0.0 0.0 0.0 0.0 
0.0 0.0 0.0 0.0 0.0 0.0 0.0 0.0 0.0 0.0 0.0 0.0 0.0 0.0 0.0 0.0 0.0 0.0 0.0 0.0 0.0 0.0 0.0 0.0 0.0 0.0 0.0 0.0 0.0 0.0 0.0 0.0 0.0 0.0 0.0 0.0 0.0 0.0 0.0 0.0 0.0 0.0 0.0 0.0 0.0 0.0 0.0 0.0 0.0 0.0 0.0 0.0 0.0 0.0 0.0 0.0 0.0 0.0 0.0 0.0 0.0 0.0 0.0 0.0 
0.0 0.0 0.0 0.0 0.0 0.0 0.0 0.0 0.0 0.0 0.0 0.0 0.0 0.0 0.0 0.0 0.0 0.0 0.0 0.0 0.0 0.0 0.0 0.0 0.0 0.0 0.0 0.0 0.0 0.0 0.0 0.0 0.0 0.0 0.0 0.0 0.0 0.0 0.0 0.0 0.0 0.0 0.0 0.0 0.0 0.0 0.0 0.0 0.0 0.0 0.0 0.0 0.0 0.0 0.0 0.0 0.0 0.0 0.0 0.0 0.0 0.0 0.0 0.0 
0.0 0.0 0.0 0.0 0.0 0.0 0.0 0.0 0.0 0.0 0.0 0.0 0.0 0.0 0.0 0.0 0.0 0.0 0.0 0.0 0.0 0.0 0.0 0.0 0.0 0.0 0.0 0.0 0.0 0.0 0.0 0.0 0.0 0.0 0.0 0.0 0.0 0.0 0.0 0.0 0.0 0.0 0.0 0.0 0.0 0.0 0.0 0.0 0.0 0.0 0.0 0.0 0.0 0.0 0.0 0.0 0.0 0.0 0.0 0.0 0.0 0.0 0.0 0.0 
0.0 0.0 0.0 0.0 0.0 0.0 0.0 0.0 0.0 0.0 0.0 0.0 0.0 0.0 0.0 0.0 0.0 0.0 0.0 0.0 0.0 0.0 0.0 0.0 0.0 0.0 0.0 0.0 0.0 0.0 0.0 0.0 0.0 0.0 0.0 0.0 0.0 0.0 0.0 0.0 0.0 0.0 0.0 0.0 0.0 0.0 0.0 0.0 0.0 0.0 0.0 0.0 0.0 0.0 0.0 0.0 0.0 0.0 0.0 0.0 0.0 0.0 0.0 0.0 
0.0 0.0 0.0 0.0 0.0 0.0 0.0 0.0 0.0 0.0 0.0 0.0 0.0 0.0 0.0 0.0 0.0 0.0 0.0 0.0 0.0 0.0 0.0 0.0 0.0 0.0 0.0 0.0 0.0 0.0 0.0 0.0 0.0 0.0 0.0 0.0 0.0 0.0 0.0 0.0 0.0 0.0 0.0 0.0 0.0 0.0 0.0 0.0 0.0 0.0 0.0 0.0 0.0 0.0 0.0 0.0 0.0 0.0 0.0 0.0 0.0 0.0 0.0 0.0 
0.0 0.0 0.0 0.0 0.0 0.0 0.0 0.0 0.0 0.0 0.0 0.0 0.0 0.0 0.0 0.0 0.0 0.0 0.0 0.0 0.0 0.0 0.0 0.0 0.0 0.0 0.0 0.0 0.0 0.0 0.0 0.0 0.0 0.0 0.0 0.0 0.0 0.0 0.0 0.0 0.0 0.0 0.0 0.0 0.0 0.0 0.0 0.0 0.0 0.0 0.0 0.0 0.0 0.0 0.0 0.0 0.0 0.0 0.0 0.0 0.0 0.0 0.0 0.0 
0.0 0.0 0.0 0.0 0.0 0.0 0.0 0.0 0.0 0.0 0.0 0.0 0.0 0.0 0.0 0.0 0.0 0.0 0.0 0.0 0.0 0.0 0.0 0.0 0.0 0.0 0.0 0.0 0.0 0.0 0.0 0.0 0.0 0.0 0.0 0.0 0.0 0.0 0.0 0.0 0.0 0.0 0.0 0.0 0.0 0.0 0.0 0.0 0.0 0.0 0.0 0.0 0.0 0.0 0.0 0.0 0.0 0.0 0.0 0.0 0.0 0.0 0.0 0.0 
0.0 0.0 0.0 0.0 0.0 0.0 0.0 0.0 0.0 0.0 0.0 0.0 0.0 0.0 0.0 0.0 0.0 0.0 0.0 0.0 0.0 0.0 0.0 0.0 0.0 0.0 0.0 0.0 0.0 0.0 0.0 0.0 0.0 0.0 0.0 0.0 0.0 0.0 0.0 0.0 0.0 0.0 0.0 0.0 0.0 0.0 0.0 0.0 0.0 0.0 0.0 0.0 0.0 0.0 0.0 0.0 0.0 0.0 0.0 0.0 0.0 0.0 0.0 0.0 
0.0 0.0 0.0 0.0 0.0 0.0 0.0 0.0 0.0 0.0 0.0 0.0 0.0 0.0 0.0 0.0 0.0 0.0 0.0 0.0 0.0 0.0 0.0 0.0 0.0 0.0 0.0 0.0 0.0 0.0 0.0 0.0 0.0 0.0 0.0 0.0 0.0 0.0 0.0 0.0 0.0 0.0 0.0 0.0 0.0 0.0 0.0 0.0 0.0 0.0 0.0 0.0 0.0 0.0 0.0 0.0 0.0 0.0 0.0 0.0 0.0 0.0 0.0 0.0 
0.0 0.0 0.0 0.0 0.0 0.0 0.0 0.0 0.0 0.0 0.0 0.0 0.0 0.0 0.0 0.0 0.0 0.0 0.0 0.0 0.0 0.0 0.0 0.0 0.0 0.0 0.0 0.0 0.0 0.0 0.0 0.0 0.0 0.0 0.0 0.0 0.0 0.0 0.0 0.0 0.0 0.0 0.0 0.0 0.0 0.0 0.0 0.0 0.0 0.0 0.0 0.0 0.0 0.0 0.0 0.0 0.0 0.0 0.0 0.0 0.0 0.0 0.0 0.0 
0.0 0.0 0.0 0.0 0.0 0.0 0.0 0.0 0.0 0.0 0.0 0.0 0.0 0.0 0.0 0.0 0.0 0.0 0.0 0.0 0.0 0.0 0.0 0.0 0.0 0.0 0.0 0.0 0.0 0.0 0.0 0.0 0.0 0.0 0.0 0.0 0.0 0.0 0.0 0.0 0.0 0.0 0.0 0.0 0.0 0.0 0.0 0.0 0.0 0.0 0.0 0.0 0.0 0.0 0.0 0.0 0.0 0.0 0.0 0.0 0.0 0.0 0.0 0.0 
0.0 0.0 0.0 0.0 0.0 0.0 0.0 0.0 0.0 0.0 0.0 0.0 0.0 0.0 0.0 0.0 0.0 0.0 0.0 0.0 0.0 0.0 0.0 0.0 0.0 0.0 0.0 0.0 0.0 0.0 0.0 0.0 0.0 0.0 0.0 0.0 0.0 0.0 0.0 0.0 0.0 0.0 0.0 0.0 0.0 0.0 0.0 0.0 0.0 0.0 0.0 0.0 0.0 0.0 0.0 0.0 0.0 0.0 0.0 0.0 0.0 0.0 0.0 0.0 
0.0 0.0 0.0 0.0 0.0 0.0 0.0 0.0 0.0 0.0 0.0 0.0 0.0 0.0 0.0 0.0 0.0 0.0 0.0 0.0 0.0 0.0 0.0 0.0 0.0 0.0 0.0 0.0 0.0 0.0 0.0 0.0 0.0 0.0 0.0 0.0 0.0 0.0 0.0 0.0 0.0 0.0 0.0 0.0 0.0 0.0 0.0 0.0 0.0 0.0 0.0 0.0 0.0 0.0 0.0 0.0 0.0 0.0 0.0 0.0 0.0 0.0 0.0 0.0 
0.0 0.0 0.0 0.0 0.0 0.0 0.0 0.0 0.0 0.0 0.0 0.0 0.0 0.0 0.0 0.0 0.0 0.0 0.0 0.0 0.0 0.0 0.0 0.0 0.0 0.0 0.0 0.0 0.0 0.0 0.0 0.0 0.0 0.0 0.0 0.0 0.0 0.0 0.0 0.0 0.0 0.0 0.0 0.0 0.0 0.0 0.0 0.0 0.0 0.0 0.0 0.0 0.0 0.0 0.0 0.0 0.0 0.0 0.0 0.0 0.0 0.0 0.0 0.0 
0.0 0.0 0.0 0.0 0.0 0.0 0.0 0.0 0.0 0.0 0.0 0.0 0.0 0.0 0.0 0.0 0.0 0.0 0.07933333333333259 0.15866666666666518 0.15866666666666518 0.15866666666666518 0.15866666666666518 0.15866666666666518 0.15866666666666518 0.15866666666666518 0.15866666666666518 0.15866666666666518 0.15866666666666518 0.15866666666666518 0.15866666666666518 0.15866666666666518 0.15866666666666518 0.15866666666666518 0.15866666666666518 0.15866666666666518 0.15866666666666518 0.15866666666666518 0.15866666666666518 0.15866666666666518 0.15866666666666518 0.15866666666666518 0.15866666666666518 0.15866666666666518 0.07933333333333259 0.0 0.0 0.0 0.0 0.0 0.0 0.0 0.0 0.0 0.0 0.0 0.0 0.0 0.0 0.0 0.0 0.0 0.0 0.0 
0.0 0.0 0.0 0.0 0.0 0.0 0.0 0.0 0.0 0.0 0.0 0.0 0.0 0.0 0.0 0.0 0.0 0.4206666666666674 1.4206666666666674 2.0 2.0 2.0 2.0 2.0 2.0 2.0 2.0 2.0 2.0 2.0 2.0 2.0 2.0 2.0 2.0 2.0 2.0 2.0 2.0 2.0 2.0 2.0 2.0 1.5793333333333326 0.5793333333333326 0.0 0.0 0.0 0.0 0.0 0.0 0.0 0.0 0.0 0.0 0.0 0.0 0.0 0.0 0.0 0.0 0.0 0.0 0.0 
0.0 0.0 0.0 0.0 0.0 0.0 0.0 0.0 0.0 0.0 0.0 0.0 0.0 0.0 0.0 0.0 0.0 0.8413333333333348 2.6826666666666696 3.6826666666666696 3.6826666666666696 3.6826666666666696 3.6826666666666696 3.6826666666666696 3.6826666666666696 3.6826666666666696 3.6826666666666696 3.6826666666666696 3.6826666666666696 3.6826666666666696 3.6826666666666696 3.6826666666666696 3.6826666666666696 3.6826666666666696 3.6826666666666696 3.6826666666666696 3.6826666666666696 3.6826666666666696 3.6826666666666696 3.6826666666666696 3.6826666666666696 3.6826666666666696 3.6826666666666696 2.841333333333335 1.0 0.0 0.0 0.0 0.0 0.0 0.0 0.0 0.0 0.0 0.0 0.0 0.0 0.0 0.0 0.0 0.0 0.0 0.0 0.0 
0.0 0.0 0.0 0.0 0.0 0.0 0.0 0.0 0.0 0.0 0.0 0.0 0.0 0.0 0.0 0.0 0.0 0.8413333333333348 2.682666666666666 3.6826666666666625 3.6826666666666625 3.6826666666666625 3.6826666666666625 3.6826666666666625 3.6826666666666625 3.6826666666666625 3.6826666666666625 3.6826666666666625 3.6826666666666625 3.6826666666666625 3.6826666666666625 3.6826666666666625 3.6826666666666625 3.6826666666666625 3.6826666666666625 3.6826666666666625 3.6826666666666625 3.6826666666666625 3.6826666666666625 3.6826666666666625 3.6826666666666625 3.6826666666666625 3.6826666666666625 2.8413333333333277 0.9999999999999964 0.0 0.0 0.0 0.0 0.0 0.0 0.0 0.0 0.0 0.0 0.0 0.0 0.0 0.0 0.0 0.0 0.0 0.0 0.0 
0.0 0.0 0.0 0.0 0.0 0.0 0.0 0.0 0.0 0.0 0.0 0.0 0.0 0.0 0.0 0.0 0.0 0.8413333333333384 2.6826666666666767 3.6826666666666767 3.6826666666666767 3.6826666666666767 3.6826666666666767 3.6826666666666767 3.6826666666666767 3.6826666666666767 3.6826666666666767 3.6826666666666767 3.6826666666666767 3.6826666666666767 3.6826666666666767 3.6826666666666767 3.6826666666666767 3.6826666666666767 3.6826666666666767 3.6826666666666767 3.6826666666666767 3.6826666666666767 3.6826666666666767 3.6826666666666767 3.6826666666666767 3.6826666666666767 3.6826666666666767 2.8413333333333384 1.0 0.0 0.0 0.0 0.0 0.0 0.0 0.0 0.0 0.0 0.0 0.0 0.0 0.0 0.0 0.0 0.0 0.0 0.0 0.0 
0.0 0.0 0.0 0.0 0.0 0.0 0.0 0.0 0.0 0.0 0.0 0.0 0.0 0.0 0.0 0.0 0.0 0.8413333333333384 2.6826666666666767 3.6826666666666767 3.6826666666666767 3.6826666666666767 3.6826666666666767 3.6826666666666767 3.6826666666666767 3.6826666666666767 3.6826666666666767 3.6826666666666767 3.6826666666666767 3.6826666666666767 3.6826666666666767 3.6826666666666767 3.6826666666666767 3.6826666666666767 3.6826666666666767 3.6826666666666767 3.6826666666666767 3.6826666666666767 3.6826666666666767 3.6826666666666767 3.6826666666666767 3.6826666666666767 3.6826666666666767 2.8413333333333384 1.0 0.0 0.0 0.0 0.0 0.0 0.0 0.0 0.0 0.0 0.0 0.0 0.0 0.0 0.0 0.0 0.0 0.0 0.0 0.0 
0.0 0.0 0.0 0.0 0.0 0.0 0.0 0.0 0.0 0.0 0.0 0.0 0.0 0.0 0.0 0.0 0.0 0.8413333333333384 2.6826666666666767 3.6826666666666767 3.6826666666666767 3.6826666666666767 3.6826666666666767 3.6826666666666767 3.6826666666666767 3.6826666666666767 3.6826666666666767 3.6826666666666767 3.6826666666666767 3.6826666666666767 3.6826666666666767 3.6826666666666767 3.6826666666666767 3.6826666666666767 3.6826666666666767 3.6826666666666767 3.6826666666666767 3.6826666666666767 3.6826666666666767 3.6826666666666767 3.6826666666666767 3.6826666666666767 3.6826666666666767 2.8413333333333384 1.0 0.0 0.0 0.0 0.0 0.0 0.0 0.0 0.0 0.0 0.0 0.0 0.0 0.0 0.0 0.0 0.0 0.0 0.0 0.0 
0.0 0.0 0.0 0.0 0.0 0.0 0.0 0.0 0.0 0.0 0.0 0.0 0.0 0.0 0.0 0.0 0.0 0.8413333333333384 2.6826666666666767 3.6826666666666767 3.6826666666666767 3.6826666666666767 3.6826666666666767 3.6826666666666767 3.6826666666666767 3.6826666666666767 3.6826666666666767 3.6826666666666767 3.6826666666666767 3.6826666666666767 3.6826666666666767 3.6826666666666767 3.6826666666666767 3.6826666666666767 3.6826666666666767 3.6826666666666767 3.6826666666666767 3.6826666666666767 3.6826666666666767 3.6826666666666767 3.6826666666666767 3.6826666666666767 3.6826666666666767 2.8413333333333384 1.0 0.0 0.0 0.0 0.0 0.0 0.0 0.0 0.0 0.0 0.0 0.0 0.0 0.0 0.0 0.0 0.0 0.0 0.0 0.0 
0.0 0.0 0.0 0.0 0.0 0.0 0.0 0.0 0.0 0.0 0.0 0.0 0.0 0.0 0.0 0.0 0.0 0.8413333333333384 2.6826666666666767 3.6826666666666767 3.6826666666666767 3.6826666666666767 3.6826666666666767 3.6826666666666767 3.6826666666666767 3.6826666666666767 3.6826666666666767 3.6826666666666767 3.6826666666666767 3.6826666666666767 3.6826666666666767 3.6826666666666767 3.6826666666666767 3.6826666666666767 3.6826666666666767 3.6826666666666767 3.6826666666666767 3.6826666666666767 3.6826666666666767 3.6826666666666767 3.6826666666666767 3.6826666666666767 3.6826666666666767 2.8413333333333384 1.0 0.0 0.0 0.0 0.0 0.0 0.0 0.0 0.0 0.0 0.0 0.0 0.0 0.0 0.0 0.0 0.0 0.0 0.0 0.0 
0.0 0.0 0.0 0.0 0.0 0.0 0.0 0.0 0.0 0.0 0.0 0.0 0.0 0.0 0.0 0.0 0.0 0.8413333333333384 2.6826666666666767 3.6826666666666767 3.6826666666666767 3.6826666666666767 3.6826666666666767 3.6826666666666767 3.6826666666666767 3.6826666666666767 3.6826666666666767 3.6826666666666767 3.6826666666666767 3.6826666666666767 3.6826666666666767 3.6826666666666767 3.6826666666666767 3.6826666666666767 3.6826666666666767 3.6826666666666767 3.6826666666666767 3.6826666666666767 3.6826666666666767 3.6826666666666767 3.6826666666666767 3.6826666666666767 3.6826666666666767 2.8413333333333384 1.0 0.0 0.0 0.0 0.0 0.0 0.0 0.0 0.0 0.0 0.0 0.0 0.0 0.0 0.0 0.0 0.0 0.0 0.0 0.0 
0.0 0.0 0.0 0.0 0.0 0.0 0.0 0.0 0.0 0.0 0.0 0.0 0.0 0.0 0.0 0.0 0.0 0.8413333333333384 2.6826666666666767 3.6826666666666767 3.6826666666666767 3.6826666666666767 3.6826666666666767 3.6826666666666767 3.6826666666666767 3.6826666666666767 3.6826666666666767 3.6826666666666767 3.6826666666666767 3.6826666666666767 3.6826666666666767 3.6826666666666767 3.6826666666666767 3.6826666666666767 3.6826666666666767 3.6826666666666767 3.6826666666666767 3.6826666666666767 3.6826666666666767 3.6826666666666767 3.6826666666666767 3.6826666666666767 3.6826666666666767 2.8413333333333384 1.0 0.0 0.0 0.0 0.0 0.0 0.0 0.0 0.0 0.0 0.0 0.0 0.0 0.0 0.0 0.0 0.0 0.0 0.0 0.0 
0.0 0.0 0.0 0.0 0.0 0.0 0.0 0.0 0.0 0.0 0.0 0.0 0.0 0.0 0.0 0.0 0.0 0.8413333333333384 2.6826666666666767 3.6826666666666767 3.6826666666666767 3.6826666666666767 3.6826666666666767 3.6826666666666767 3.6826666666666767 3.6826666666666767 3.6826666666666767 3.6826666666666767 3.6826666666666767 3.6826666666666767 3.6826666666666767 3.6826666666666767 3.6826666666666767 3.6826666666666767 3.6826666666666767 3.6826666666666767 3.6826666666666767 3.6826666666666767 3.6826666666666767 3.6826666666666767 3.6826666666666767 3.6826666666666767 3.6826666666666767 2.8413333333333384 1.0 0.0 0.0 0.0 0.0 0.0 0.0 0.0 0.0 0.0 0.0 0.0 0.0 0.0 0.0 0.0 0.0 0.0 0.0 0.0 
0.0 0.0 0.0 0.0 0.0 0.0 0.0 0.0 0.0 0.0 0.0 0.0 0.0 0.0 0.0 0.0 0.0 0.8413333333333384 2.6826666666666767 3.6826666666666767 3.6826666666666767 3.6826666666666767 3.6826666666666767 3.6826666666666767 3.6826666666666767 3.6826666666666767 3.6826666666666767 3.6826666666666767 3.6826666666666767 3.6826666666666767 3.6826666666666767 3.6826666666666767 3.6826666666666767 3.6826666666666767 3.6826666666666767 3.6826666666666767 3.6826666666666767 3.6826666666666767 3.6826666666666767 3.6826666666666767 3.6826666666666767 3.6826666666666767 3.6826666666666767 2.8413333333333384 1.0 0.0 0.0 0.0 0.0 0.0 0.0 0.0 0.0 0.0 0.0 0.0 0.0 0.0 0.0 0.0 0.0 0.0 0.0 0.0 
0.0 0.0 0.0 0.0 0.0 0.0 0.0 0.0 0.0 0.0 0.0 0.0 0.0 0.0 0.0 0.0 0.0 0.8413333333333384 2.6826666666666767 3.6826666666666767 3.6826666666666767 3.6826666666666767 3.6826666666666767 3.6826666666666767 3.6826666666666767 3.6826666666666767 3.6826666666666767 3.6826666666666767 3.6826666666666767 3.6826666666666767 3.6826666666666767 3.6826666666666767 3.6826666666666767 3.6826666666666767 3.6826666666666767 3.6826666666666767 3.6826666666666767 3.6826666666666767 3.6826666666666767 3.6826666666666767 3.6826666666666767 3.6826666666666767 3.6826666666666767 2.8413333333333384 1.0 0.0 0.0 0.0 0.0 0.0 0.0 0.0 0.0 0.0 0.0 0.0 0.0 0.0 0.0 0.0 0.0 0.0 0.0 0.0 
0.0 0.0 0.0 0.0 0.0 0.0 0.0 0.0 0.0 0.0 0.0 0.0 0.0 0.0 0.0 0.0 0.0 0.8413333333333384 2.6826666666666767 3.6826666666666767 3.6826666666666767 3.6826666666666767 3.6826666666666767 3.6826666666666767 3.6826666666666767 3.6826666666666767 3.6826666666666767 3.6826666666666767 3.6826666666666767 3.6826666666666767 3.6826666666666767 3.6826666666666767 3.6826666666666767 3.6826666666666767 3.6826666666666767 3.6826666666666767 3.6826666666666767 3.6826666666666767 3.6826666666666767 3.6826666666666767 3.6826666666666767 3.6826666666666767 3.6826666666666767 2.8413333333333384 1.0 0.0 0.0 0.0 0.0 0.0 0.0 0.0 0.0 0.0 0.0 0.0 0.0 0.0 0.0 0.0 0.0 0.0 0.0 0.0 
0.0 0.0 0.0 0.0 0.0 0.0 0.0 0.0 0.0 0.0 0.0 0.0 0.0 0.0 0.0 0.0 0.0 0.8413333333333384 2.6826666666666767 3.6826666666666767 3.6826666666666767 3.6826666666666767 3.6826666666666767 3.6826666666666767 3.6826666666666767 3.6826666666666767 3.6826666666666767 3.6826666666666767 3.6826666666666767 3.6826666666666767 3.6826666666666767 3.6826666666666767 3.6826666666666767 3.6826666666666767 3.6826666666666767 3.6826666666666767 3.6826666666666767 3.6826666666666767 3.6826666666666767 3.6826666666666767 3.6826666666666767 3.6826666666666767 3.6826666666666767 2.8413333333333384 1.0 0.0 0.0 0.0 0.0 0.0 0.0 0.0 0.0 0.0 0.0 0.0 0.0 0.0 0.0 0.0 0.0 0.0 0.0 0.0 
0.0 0.0 0.0 0.0 0.0 0.0 0.0 0.0 0.0 0.0 0.0 0.0 0.0 0.0 0.0 0.0 0.0 0.8413333333333384 2.6826666666666767 3.6826666666666767 3.6826666666666767 3.6826666666666767 3.6826666666666767 3.6826666666666767 3.6826666666666767 3.6826666666666767 3.6826666666666767 3.6826666666666767 3.6826666666666767 3.6826666666666767 3.6826666666666767 3.6826666666666767 3.6826666666666767 3.6826666666666767 3.6826666666666767 3.6826666666666767 3.6826666666666767 3.6826666666666767 3.6826666666666767 3.6826666666666767 3.6826666666666767 3.6826666666666767 3.6826666666666767 2.8413333333333384 1.0 0.0 0.0 0.0 0.0 0.0 0.0 0.0 0.0 0.0 0.0 0.0 0.0 0.0 0.0 0.0 0.0 0.0 0.0 0.0 
0.0 0.0 0.0 0.0 0.0 0.0 0.0 0.0 0.0 0.0 0.0 0.0 0.0 0.0 0.0 0.0 0.0 0.8413333333333384 2.6826666666666767 3.6826666666666767 3.6826666666666767 3.6826666666666767 3.6826666666666767 3.6826666666666767 3.6826666666666767 3.6826666666666767 3.6826666666666767 3.6826666666666767 3.6826666666666767 3.6826666666666767 3.6826666666666767 3.6826666666666767 3.6826666666666767 3.6826666666666767 3.6826666666666767 3.6826666666666767 3.6826666666666767 3.6826666666666767 3.6826666666666767 3.6826666666666767 3.6826666666666767 3.6826666666666767 3.6826666666666767 2.8413333333333384 1.0 0.0 0.0 0.0 0.0 0.0 0.0 0.0 0.0 0.0 0.0 0.0 0.0 0.0 0.0 0.0 0.0 0.0 0.0 0.0 
0.0 0.0 0.0 0.0 0.0 0.0 0.0 0.0 0.0 0.0 0.0 0.0 0.0 0.0 0.0 0.0 0.0 0.8413333333333384 2.6826666666666767 3.6826666666666767 3.6826666666666767 3.6826666666666767 3.6826666666666767 3.6826666666666767 3.6826666666666767 3.6826666666666767 3.6826666666666767 3.6826666666666767 3.6826666666666767 3.6826666666666767 3.6826666666666767 3.6826666666666767 3.6826666666666767 3.6826666666666767 3.6826666666666767 3.6826666666666767 3.6826666666666767 3.6826666666666767 3.6826666666666767 3.6826666666666767 3.6826666666666767 3.6826666666666767 3.6826666666666767 2.8413333333333384 1.0 0.0 0.0 0.0 0.0 0.0 0.0 0.0 0.0 0.0 0.0 0.0 0.0 0.0 0.0 0.0 0.0 0.0 0.0 0.0 
0.0 0.0 0.0 0.0 0.0 0.0 0.0 0.0 0.0 0.0 0.0 0.0 0.0 0.0 0.0 0.0 0.0 0.8413333333333384 2.6826666666666767 3.6826666666666767 3.6826666666666767 3.6826666666666767 3.6826666666666767 3.6826666666666767 3.6826666666666767 3.6826666666666767 3.6826666666666767 3.6826666666666767 3.6826666666666767 3.6826666666666767 3.6826666666666767 3.6826666666666767 3.6826666666666767 3.6826666666666767 3.6826666666666767 3.6826666666666767 3.6826666666666767 3.6826666666666767 3.6826666666666767 3.6826666666666767 3.6826666666666767 3.6826666666666767 3.6826666666666767 2.8413333333333384 1.0 0.0 0.0 0.0 0.0 0.0 0.0 0.0 0.0 0.0 0.0 0.0 0.0 0.0 0.0 0.0 0.0 0.0 0.0 0.0 
0.0 0.0 0.0 0.0 0.0 0.0 0.0 0.0 0.0 0.0 0.0 0.0 0.0 0.0 0.0 0.0 0.0 0.8413333333333384 2.6826666666666767 3.6826666666666767 3.6826666666666767 3.6826666666666767 3.6826666666666767 3.6826666666666767 3.6826666666666767 3.6826666666666767 3.6826666666666767 3.6826666666666767 3.6826666666666767 3.6826666666666767 3.6826666666666767 3.6826666666666767 3.6826666666666767 3.6826666666666767 3.6826666666666767 3.6826666666666767 3.6826666666666767 3.6826666666666767 3.6826666666666767 3.6826666666666767 3.6826666666666767 3.6826666666666767 3.6826666666666767 2.8413333333333384 1.0 0.0 0.0 0.0 0.0 0.0 0.0 0.0 0.0 0.0 0.0 0.0 0.0 0.0 0.0 0.0 0.0 0.0 0.0 0.0 
0.0 0.0 0.0 0.0 0.0 0.0 0.0 0.0 0.0 0.0 0.0 0.0 0.0 0.0 0.0 0.0 0.0 0.8413333333333384 2.6826666666666767 3.6826666666666767 3.6826666666666767 3.6826666666666767 3.6826666666666767 3.6826666666666767 3.6826666666666767 3.6826666666666767 3.6826666666666767 3.6826666666666767 3.6826666666666767 3.6826666666666767 3.6826666666666767 3.6826666666666767 3.6826666666666767 3.6826666666666767 3.6826666666666767 3.6826666666666767 3.6826666666666767 3.6826666666666767 3.6826666666666767 3.6826666666666767 3.6826666666666767 3.6826666666666767 3.6826666666666767 2.8413333333333384 1.0 0.0 0.0 0.0 0.0 0.0 0.0 0.0 0.0 0.0 0.0 0.0 0.0 0.0 0.0 0.0 0.0 0.0 0.0 0.0 
0.0 0.0 0.0 0.0 0.0 0.0 0.0 0.0 0.0 0.0 0.0 0.0 0.0 0.0 0.0 0.0 0.0 0.8413333333333384 2.6826666666666767 3.6826666666666767 3.6826666666666767 3.6826666666666767 3.6826666666666767 3.6826666666666767 3.6826666666666767 3.6826666666666767 3.6826666666666767 3.6826666666666767 3.6826666666666767 3.6826666666666767 3.6826666666666767 3.6826666666666767 3.6826666666666767 3.6826666666666767 3.6826666666666767 3.6826666666666767 3.6826666666666767 3.6826666666666767 3.6826666666666767 3.6826666666666767 3.6826666666666767 3.6826666666666767 3.6826666666666767 2.8413333333333384 1.0 0.0 0.0 0.0 0.0 0.0 0.0 0.0 0.0 0.0 0.0 0.0 0.0 0.0 0.0 0.0 0.0 0.0 0.0 0.0 
0.0 0.0 0.0 0.0 0.0 0.0 0.0 0.0 0.0 0.0 0.0 0.0 0.0 0.0 0.0 0.0 0.0 0.8413333333333384 2.6826666666666767 3.6826666666666767 3.6826666666666767 3.6826666666666767 3.6826666666666767 3.6826666666666767 3.6826666666666767 3.6826666666666767 3.6826666666666767 3.6826666666666767 3.6826666666666767 3.6826666666666767 3.6826666666666767 3.6826666666666767 3.6826666666666767 3.6826666666666767 3.6826666666666767 3.6826666666666767 3.6826666666666767 3.6826666666666767 3.6826666666666767 3.6826666666666767 3.6826666666666767 3.6826666666666767 3.6826666666666767 2.8413333333333384 1.0 0.0 0.0 0.0 0.0 0.0 0.0 0.0 0.0 0.0 0.0 0.0 0.0 0.0 0.0 0.0 0.0 0.0 0.0 0.0 
0.0 0.0 0.0 0.0 0.0 0.0 0.0 0.0 0.0 0.0 0.0 0.0 0.0 0.0 0.0 0.0 0.0 0.8413333333333384 2.6826666666666767 3.6826666666666767 3.6826666666666767 3.6826666666666767 3.6826666666666767 3.6826666666666767 3.6826666666666767 3.6826666666666767 3.6826666666666767 3.6826666666666767 3.6826666666666767 3.6826666666666767 3.6826666666666767 3.6826666666666767 3.6826666666666767 3.6826666666666767 3.6826666666666767 3.6826666666666767 3.6826666666666767 3.6826666666666767 3.6826666666666767 3.6826666666666767 3.6826666666666767 3.6826666666666767 3.6826666666666767 2.8413333333333384 1.0 0.0 0.0 0.0 0.0 0.0 0.0 0.0 0.0 0.0 0.0 0.0 0.0 0.0 0.0 0.0 0.0 0.0 0.0 0.0 
0.0 0.0 0.0 0.0 0.0 0.0 0.0 0.0 0.0 0.0 0.0 0.0 0.0 0.0 0.0 0.0 0.0 0.8413333333333384 2.6826666666666767 3.6826666666666767 3.6826666666666767 3.6826666666666767 3.6826666666666767 3.6826666666666767 3.6826666666666767 3.6826666666666767 3.6826666666666767 3.6826666666666767 3.6826666666666767 3.6826666666666767 3.6826666666666767 3.6826666666666767 3.6826666666666767 3.6826666666666767 3.6826666666666767 3.6826666666666767 3.6826666666666767 3.6826666666666767 3.6826666666666767 3.6826666666666767 3.6826666666666767 3.6826666666666767 3.6826666666666767 2.8413333333333384 1.0 0.0 0.0 0.0 0.0 0.0 0.0 0.0 0.0 0.0 0.0 0.0 0.0 0.0 0.0 0.0 0.0 0.0 0.0 0.0 
0.0 0.0 0.0 0.0 0.0 0.0 0.0 0.0 0.0 0.0 0.0 0.0 0.0 0.0 0.0 0.0 0.0 0.8413333333333384 2.603333333333346 3.524000000000015 3.524000000000015 3.524000000000015 3.524000000000015 3.524000000000015 3.524000000000015 3.524000000000015 3.524000000000015 3.524000000000015 3.524000000000015 3.524000000000015 3.524000000000015 3.524000000000015 3.524000000000015 3.524000000000015 3.524000000000015 3.524000000000015 3.524000000000015 3.524000000000015 3.524000000000015 3.524000000000015 3.524000000000015 3.524000000000015 3.524000000000015 2.6826666666666767 0.9206666666666692 0.0 0.0 0.0 0.0 0.0 0.0 0.0 0.0 0.0 0.0 0.0 0.0 0.0 0.0 0.0 0.0 0.0 0.0 0.0 
0.0 0.0 0.0 0.0 0.0 0.0 0.0 0.0 0.0 0.0 0.0 0.0 0.0 0.0 0.0 0.0 0.0 0.4206666666666692 1.2620000000000076 1.6826666666666767 1.6826666666666767 1.6826666666666767 1.6826666666666767 1.6826666666666767 1.6826666666666767 1.6826666666666767 1.6826666666666767 1.6826666666666767 1.6826666666666767 1.6826666666666767 1.6826666666666767 1.6826666666666767 1.6826666666666767 1.6826666666666767 1.6826666666666767 1.6826666666666767 1.6826666666666767 1.6826666666666767 1.6826666666666767 1.6826666666666767 1.6826666666666767 1.6826666666666767 1.6826666666666767 1.2620000000000076 0.4206666666666692 0.0 0.0 0.0 0.0 0.0 0.0 0.0 0.0 0.0 0.0 0.0 0.0 0.0 0.0 0.0 0.0 0.0 0.0 0.0 
0.0 0.0 0.0 0.0 0.0 0.0 0.0 0.0 0.0 0.0 0.0 0.0 0.0 0.0 0.0 0.0 0.0 0.0 0.0 0.0 0.0 0.0 0.0 0.0 0.0 0.0 0.0 0.0 0.0 0.0 0.0 0.0 0.0 0.0 0.0 0.0 0.0 0.0 0.0 0.0 0.0 0.0 0.0 0.0 0.0 0.0 0.0 0.0 0.0 0.0 0.0 0.0 0.0 0.0 0.0 0.0 0.0 0.0 0.0 0.0 0.0 0.0 0.0 0.0 
0.0 0.0 0.0 0.0 0.0 0.0 0.0 0.0 0.0 0.0 0.0 0.0 0.0 0.0 0.0 0.0 0.0 0.0 0.0 0.0 0.0 0.0 0.0 0.0 0.0 0.0 0.0 0.0 0.0 0.0 0.0 0.0 0.0 0.0 0.0 0.0 0.0 0.0 0.0 0.0 0.0 0.0 0.0 0.0 0.0 0.0 0.0 0.0 0.0 0.0 0.0 0.0 0.0 0.0 0.0 0.0 0.0 0.0 0.0 0.0 0.0 0.0 0.0 0.0 
0.0 0.0 0.0 0.0 0.0 0.0 0.0 0.0 0.0 0.0 0.0 0.0 0.0 0.0 0.0 0.0 0.0 0.0 0.0 0.0 0.0 0.0 0.0 0.0 0.0 0.0 0.0 0.0 0.0 0.0 0.0 0.0 0.0 0.0 0.0 0.0 0.0 0.0 0.0 0.0 0.0 0.0 0.0 0.0 0.0 0.0 0.0 0.0 0.0 0.0 0.0 0.0 0.0 0.0 0.0 0.0 0.0 0.0 0.0 0.0 0.0 0.0 0.0 0.0 
0.0 0.0 0.0 0.0 0.0 0.0 0.0 0.0 0.0 0.0 0.0 0.0 0.0 0.0 0.0 0.0 0.0 0.0 0.0 0.0 0.0 0.0 0.0 0.0 0.0 0.0 0.0 0.0 0.0 0.0 0.0 0.0 0.0 0.0 0.0 0.0 0.0 0.0 0.0 0.0 0.0 0.0 0.0 0.0 0.0 0.0 0.0 0.0 0.0 0.0 0.0 0.0 0.0 0.0 0.0 0.0 0.0 0.0 0.0 0.0 0.0 0.0 0.0 0.0 
0.0 0.0 0.0 0.0 0.0 0.0 0.0 0.0 0.0 0.0 0.0 0.0 0.0 0.0 0.0 0.0 0.0 0.0 0.0 0.0 0.0 0.0 0.0 0.0 0.0 0.0 0.0 0.0 0.0 0.0 0.0 0.0 0.0 0.0 0.0 0.0 0.0 0.0 0.0 0.0 0.0 0.0 0.0 0.0 0.0 0.0 0.0 0.0 0.0 0.0 0.0 0.0 0.0 0.0 0.0 0.0 0.0 0.0 0.0 0.0 0.0 0.0 0.0 0.0 
0.0 0.0 0.0 0.0 0.0 0.0 0.0 0.0 0.0 0.0 0.0 0.0 0.0 0.0 0.0 0.0 0.0 0.0 0.0 0.0 0.0 0.0 0.0 0.0 0.0 0.0 0.0 0.0 0.0 0.0 0.0 0.0 0.0 0.0 0.0 0.0 0.0 0.0 0.0 0.0 0.0 0.0 0.0 0.0 0.0 0.0 0.0 0.0 0.0 0.0 0.0 0.0 0.0 0.0 0.0 0.0 0.0 0.0 0.0 0.0 0.0 0.0 0.0 0.0 
0.0 0.0 0.0 0.0 0.0 0.0 0.0 0.0 0.0 0.0 0.0 0.0 0.0 0.0 0.0 0.0 0.0 0.0 0.0 0.0 0.0 0.0 0.0 0.0 0.0 0.0 0.0 0.0 0.0 0.0 0.0 0.0 0.0 0.0 0.0 0.0 0.0 0.0 0.0 0.0 0.0 0.0 0.0 0.0 0.0 0.0 0.0 0.0 0.0 0.0 0.0 0.0 0.0 0.0 0.0 0.0 0.0 0.0 0.0 0.0 0.0 0.0 0.0 0.0 
0.0 0.0 0.0 0.0 0.0 0.0 0.0 0.0 0.0 0.0 0.0 0.0 0.0 0.0 0.0 0.0 0.0 0.0 0.0 0.0 0.0 0.0 0.0 0.0 0.0 0.0 0.0 0.0 0.0 0.0 0.0 0.0 0.0 0.0 0.0 0.0 0.0 0.0 0.0 0.0 0.0 0.0 0.0 0.0 0.0 0.0 0.0 0.0 0.0 0.0 0.0 0.0 0.0 0.0 0.0 0.0 0.0 0.0 0.0 0.0 0.0 0.0 0.0 0.0 
0.0 0.0 0.0 0.0 0.0 0.0 0.0 0.0 0.0 0.0 0.0 0.0 0.0 0.0 0.0 0.0 0.0 0.0 0.0 0.0 0.0 0.0 0.0 0.0 0.0 0.0 0.0 0.0 0.0 0.0 0.0 0.0 0.0 0.0 0.0 0.0 0.0 0.0 0.0 0.0 0.0 0.0 0.0 0.0 0.0 0.0 0.0 0.0 0.0 0.0 0.0 0.0 0.0 0.0 0.0 0.0 0.0 0.0 0.0 0.0 0.0 0.0 0.0 0.0 
0.0 0.0 0.0 0.0 0.0 0.0 0.0 0.0 0.0 0.0 0.0 0.0 0.0 0.0 0.0 0.0 0.0 0.0 0.0 0.0 0.0 0.0 0.0 0.0 0.0 0.0 0.0 0.0 0.0 0.0 0.0 0.0 0.0 0.0 0.0 0.0 0.0 0.0 0.0 0.0 0.0 0.0 0.0 0.0 0.0 0.0 0.0 0.0 0.0 0.0 0.0 0.0 0.0 0.0 0.0 0.0 0.0 0.0 0.0 0.0 0.0 0.0 0.0 0.0 
