0.0 0.0 0.0 0.0 0.0 0.0 0.0 0.0 0.0 0.0 0.0 0.0 0.0 0.0 0.0 0.0 0.0 0.0 0.0 0.0 0.0 0.0 0.0 0.0 0.0 0.0 0.0 0.0 0.0 0.0 0.0 0.0 0.0 0.0 0.0 0.0 0.0 0.0 0.0 0.0 0.0 0.0 0.0 0.0 0.0 0.0 0.0 0.0 0.0 0.0 0.0 0.0 0.0 0.0 0.0 0.0 0.0 0.0 0.0 0.0 0.0 0.0 0.0 0.0 
0.0 0.0 0.0 0.0 0.0 0.0 0.0 0.0 0.0 0.0 0.0 0.0 0.0 0.0 0.0 0.0 0.0 0.0 0.0 0.0 0.0 0.0 0.0 0.0 0.0 0.0 0.0 0.0 0.0 0.0 0.0 0.0 0.0 0.0 0.0 0.0 0.0 0.0 0.0 0.0 0.0 0.0 0.0 0.0 0.0 0.0 0.0 0.0 0.0 0.0 0.0 0.0 0.0 0.0 0.0 0.0 0.0 0.0 0.0 0.0 0.0 0.0 0.0 0.0 
0.0 0.0 0.0 0.0 0.0 0.0 0.0 0.0 0.0 0.0 0.0 0.0 0.0 0.0 0.0 0.0 0.0 0.0 0.0 0.0 0.0 0.0 0.0 0.0 0.0 0.0 0.0 0.0 0.0 0.0 0.0 0.0 0.0 0.0 0.0 0.0 0.0 0.0 0.0 0.0 0.0 0.0 0.0 0.0 0.0 0.0 0.0 0.0 0.0 0.0 0.0 0.0 0.0 0.0 0.0 0.0 0.0 0.0 0.0 0.0 0.0 0.0 0.0 0.0 
0.0 0.0 0.0 0.0 0.0 0.0 0.0 0.0 0.0 0.0 0.0 0.0 0.0 0.0 0.0 0.0 0.0 0.0 0.0 0.0 0.0 0.0 0.0 0.0 0.0 0.0 0.0 0.0 0.0 0.0 0.0 0.0 0.0 0.0 0.0 0.0 0.0 0.0 0.0 0.0 0.0 0.0 0.0 0.0 0.0 0.0 0.0 0.0 0.0 0.0 0.0 0.0 0.0 0.0 0.0 0.0 0.0 0.0 0.0 0.0 0.0 0.0 0.0 0.0 
0.0 0.0 0.0 0.0 0.0 0.0 0.0 0.0 0.0 0.0 0.0 0.0 0.0 0.0 0.0 0.0 0.0 0.0 0.0 0.0 0.0 0.0 0.0 0.0 0.0 0.0 0.0 0.0 0.0 0.0 0.0 0.0 0.0 0.0 0.0 0.0 0.0 0.0 0.0 0.0 0.0 0.0 0.0 0.0 0.0 0.0 0.0 0.0 0.0 0.0 0.0 0.0 0.0 0.0 0.0 0.0 0.0 0.0 0.0 0.0 0.0 0.0 0.0 0.0 
0.0 0.0 0.0 0.0 0.0 0.0 0.0 0.0 0.0 0.0 0.0 0.0 0.0 0.0 0.0 0.0 0.0 0.0 0.0 0.0 0.0 0.0 0.0 0.0 0.0 0.0 0.0 0.0 0.0 0.0 0.0 0.0 0.0 0.0 0.0 0.0 0.0 0.0 0.0 0.0 0.0 0.0 0.0 0.0 0.0 0.0 0.0 0.0 0.0 0.0 0.0 0.0 0.0 0.0 0.0 0.0 0.0 0.0 0.0 0.0 0.0 0.0 0.0 0.0 
0.0 0.0 0.0 0.0 0.0 0.0 0.0 0.0 0.0 0.0 0.0 0.0 0.0 0.0 0.0 0.0 0.0 0.0 0.0971111111111087 0.1942222222222174 0.1942222222222174 0.1942222222222174 0.1942222222222174 0.1942222222222174 0.1942222222222174 0.1942222222222174 0.1942222222222174 0.1942222222222174 0.1942222222222174 0.1942222222222174 0.1942222222222174 0.1942222222222174 0.1942222222222174 0.1942222222222174 0.1942222222222174 0.1942222222222174 0.1942222222222174 0.1942222222222174 0.1942222222222174 0.1942222222222174 0.1942222222222174 0.1942222222222174 0.1942222222222174 0.1942222222222174 0.09711111111110693 0.0 0.0 0.0 0.0 0.0 0.0 0.0 0.0 0.0 0.0 0.0 0.0 0.0 0.0 0.0 0.0 0.0 0.0 0.0 
0.0 0.0 0.0 0.0 0.0 0.0 0.0 0.0 0.0 0.0 0.0 0.0 0.0 0.0 0.0 0.0 0.0 0.4028888888888913 1.4028888888888913 2.0 2.0 2.0 2.0 2.0 2.0 2.0 2.0 2.0 2.0 2.0 2.0 2.0 2.0 2.0 2.0 2.0 2.0 2.0 2.0 2.0 2.000000000000007 2.0 2.0 1.5971111111111105 0.5971111111111105 0.0 0.0 0.0 0.0 0.0 0.0 0.0 0.0 0.0 0.0 0.0 0.0 0.0 0.0 0.0 0.0 0.0 0.0 0.0 
0.0 0.0 0.0 0.0 0.0 0.0 0.0 0.0 0.0 0.0 0.0 0.0 0.0 0.0 0.0 0.0 0.0 0.8057777777777826 2.611555555555565 3.6115555555555723 3.611555555555565 3.611555555555565 3.611555555555565 3.611555555555565 3.611555555555565 3.611555555555565 3.611555555555565 3.611555555555565 3.611555555555565 3.611555555555565 3.611555555555565 3.611555555555565 3.611555555555565 3.611555555555565 3.611555555555565 3.611555555555565 3.611555555555565 3.611555555555565 3.611555555555565 3.611555555555558 3.611555555555558 3.611555555555565 3.611555555555565 2.8057777777777826 1.0 0.0 0.0 0.0 0.0 0.0 0.0 0.0 0.0 0.0 0.0 0.0 0.0 0.0 0.0 0.0 0.0 0.0 0.0 0.0 
0.0 0.0 0.0 0.0 0.0 0.0 0.0 0.0 0.0 0.0 0.0 0.0 0.0 0.0 0.0 0.0 0.0 0.8057777777777826 2.611555555555558 3.611555555555558 3.611555555555565 3.611555555555565 3.611555555555565 3.611555555555565 3.611555555555565 3.611555555555565 3.611555555555565 3.611555555555565 3.611555555555565 3.611555555555565 3.611555555555565 3.611555555555565 3.611555555555565 3.611555555555565 3.611555555555565 3.611555555555565 3.611555555555565 3.611555555555565 3.611555555555565 3.611555555555565 3.611555555555565 3.611555555555565 3.611555555555565 2.8057777777777826 1.0 0.0 0.0 0.0 0.0 0.0 0.0 0.0 0.0 0.0 0.0 0.0 0.0 0.0 0.0 0.0 0.0 0.0 0.0 0.0 
0.0 0.0 0.0 0.0 0.0 0.0 0.0 0.0 0.0 0.0 0.0 0.0 0.0 0.0 0.0 0.0 0.0 0.8057777777777826 2.611555555555565 3.611555555555565 3.611555555555565 3.611555555555565 3.611555555555565 3.611555555555565 3.611555555555565 3.611555555555565 3.611555555555565 3.611555555555565 3.611555555555565 3.611555555555565 3.611555555555565 3.611555555555565 3.611555555555565 3.611555555555565 3.611555555555565 3.611555555555565 3.611555555555565 3.611555555555565 3.611555555555565 3.611555555555565 3.611555555555565 3.611555555555565 3.611555555555565 2.8057777777777826 1.0 0.0 0.0 0.0 0.0 0.0 0.0 0.0 0.0 0.0 0.0 0.0 0.0 0.0 0.0 0.0 0.0 0.0 0.0 0.0 
0.0 0.0 0.0 0.0 0.0 0.0 0.0 0.0 0.0 0.0 0.0 0.0 0.0 0.0 0.0 0.0 0.0 0.8057777777777826 2.611555555555565 3.611555555555565 3.6115555555555545 3.611555555555558 3.611555555555565 3.611555555555565 3.611555555555565 3.6115555555555545 3.611555555555558 3.611555555555558 3.611555555555558 3.611555555555558 3.611555555555558 3.611555555555558 3.611555555555558 3.611555555555558 3.611555555555558 3.611555555555558 3.611555555555558 3.611555555555558 3.611555555555558 3.611555555555558 3.611555555555565 3.611555555555565 3.6115555555555545 2.8057777777777826 0.9999999999999947 0.0 0.0 0.0 0.0 0.0 0.0 0.0 0.0 0.0 0.0 0.0 0.0 0.0 0.0 0.0 0.0 0.0 0.0 0.0 
0.0 0.0 0.0 0.0 0.0 0.0 0.0 0.0 0.0 0.0 0.0 0.0 0.0 0.0 0.0 0.0 0.0 0.8057777777777826 2.611555555555565 3.611555555555576 3.611555555555583 3.6115555555555723 3.611555555555565 3.611555555555565 3.611555555555576 3.611555555555583 3.6115555555555794 3.6115555555555794 3.6115555555555794 3.6115555555555794 3.6115555555555794 3.6115555555555794 3.6115555555555794 3.6115555555555794 3.6115555555555794 3.6115555555555794 3.6115555555555794 3.6115555555555794 3.6115555555555794 3.6115555555555723 3.611555555555565 3.611555555555576 3.611555555555576 2.805777777777788 1.0000000000000053 0.0 0.0 0.0 0.0 0.0 0.0 0.0 0.0 0.0 0.0 0.0 0.0 0.0 0.0 0.0 0.0 0.0 0.0 0.0 
0.0 0.0 0.0 0.0 0.0 0.0 0.0 0.0 0.0 0.0 0.0 0.0 0.0 0.0 0.0 0.0 0.0 0.8057777777777826 2.611555555555565 3.611555555555565 3.611555555555565 3.611555555555565 3.611555555555565 3.611555555555565 3.611555555555565 3.611555555555565 3.611555555555565 3.611555555555565 3.611555555555565 3.611555555555565 3.611555555555565 3.611555555555565 3.611555555555565 3.611555555555565 3.611555555555565 3.611555555555565 3.611555555555565 3.611555555555565 3.611555555555565 3.611555555555565 3.611555555555565 3.611555555555565 3.611555555555565 2.8057777777777826 1.0 0.0 0.0 0.0 0.0 0.0 0.0 0.0 0.0 0.0 0.0 0.0 0.0 0.0 0.0 0.0 0.0 0.0 0.0 0.0 
0.0 0.0 0.0 0.0 0.0 0.0 0.0 0.0 0.0 0.0 0.0 0.0 0.0 0.0 0.0 0.0 0.0 0.8057777777777826 2.611555555555565 3.611555555555565 3.611555555555565 3.611555555555565 3.611555555555565 3.611555555555565 3.611555555555565 3.611555555555565 3.611555555555565 3.611555555555565 3.611555555555565 3.611555555555565 3.611555555555565 3.611555555555565 3.611555555555565 3.611555555555565 3.611555555555565 3.611555555555565 3.611555555555565 3.611555555555565 3.611555555555565 3.611555555555565 3.611555555555565 3.611555555555565 3.611555555555565 2.8057777777777826 1.0 0.0 0.0 0.0 0.0 0.0 0.0 0.0 0.0 0.0 0.0 0.0 0.0 0.0 0.0 0.0 0.0 0.0 0.0 0.0 
0.0 0.0 0.0 0.0 0.0 0.0 0.0 0.0 0.0 0.0 0.0 0.0 0.0 0.0 0.0 0.0 0.0 0.8057777777777826 2.6115555555555634 3.6115555555555616 3.6115555555555616 3.6115555555555616 3.6115555555555616 3.6115555555555616 3.6115555555555616 3.6115555555555616 3.6115555555555616 3.6115555555555616 3.6115555555555616 3.6115555555555616 3.6115555555555616 3.6115555555555616 3.6115555555555616 3.6115555555555616 3.6115555555555616 3.6115555555555616 3.6115555555555616 3.6115555555555616 3.6115555555555616 3.6115555555555616 3.6115555555555616 3.6115555555555616 3.6115555555555616 2.805777777777779 0.9999999999999982 0.0 0.0 0.0 0.0 0.0 0.0 0.0 0.0 0.0 0.0 0.0 0.0 0.0 0.0 0.0 0.0 0.0 0.0 0.0 
0.0 0.0 0.0 0.0 0.0 0.0 0.0 0.0 0.0 0.0 0.0 0.0 0.0 0.0 0.0 0.0 0.0 0.8057777777777844 2.6115555555555687 3.6115555555555687 3.6115555555555687 3.6115555555555687 3.6115555555555687 3.6115555555555687 3.6115555555555687 3.6115555555555687 3.6115555555555687 3.6115555555555687 3.6115555555555687 3.6115555555555687 3.6115555555555687 3.6115555555555687 3.6115555555555687 3.6115555555555687 3.6115555555555687 3.6115555555555687 3.6115555555555687 3.6115555555555687 3.6115555555555687 3.6115555555555687 3.6115555555555687 3.6115555555555687 3.6115555555555687 2.8057777777777844 1.0 0.0 0.0 0.0 0.0 0.0 0.0 0.0 0.0 0.0 0.0 0.0 0.0 0.0 0.0 0.0 0.0 0.0 0.0 0.0 
0.0 0.0 0.0 0.0 0.0 0.0 0.0 0.0 0.0 0.0 0.0 0.0 0.0 0.0 0.0 0.0 0.0 0.8057777777777844 2.6115555555555687 3.6115555555555687 3.6115555555555687 3.6115555555555687 3.6115555555555687 3.6115555555555687 3.6115555555555687 3.6115555555555687 3.6115555555555687 3.6115555555555687 3.6115555555555687 3.6115555555555687 3.6115555555555687 3.6115555555555687 3.6115555555555687 3.6115555555555687 3.6115555555555687 3.6115555555555687 3.6115555555555687 3.6115555555555687 3.6115555555555687 3.6115555555555687 3.6115555555555687 3.6115555555555687 3.6115555555555687 2.8057777777777844 1.0 0.0 0.0 0.0 0.0 0.0 0.0 0.0 0.0 0.0 0.0 0.0 0.0 0.0 0.0 0.0 0.0 0.0 0.0 0.0 
0.0 0.0 0.0 0.0 0.0 0.0 0.0 0.0 0.0 0.0 0.0 0.0 0.0 0.0 0.0 0.0 0.0 0.8057777777777844 2.6115555555555687 3.6115555555555687 3.6115555555555687 3.6115555555555687 3.6115555555555687 3.6115555555555687 3.6115555555555687 3.6115555555555687 3.6115555555555687 3.6115555555555687 3.6115555555555687 3.6115555555555687 3.6115555555555687 3.6115555555555687 3.6115555555555687 3.6115555555555687 3.6115555555555687 3.6115555555555687 3.6115555555555687 3.6115555555555687 3.6115555555555687 3.6115555555555687 3.6115555555555687 3.6115555555555687 3.6115555555555687 2.8057777777777844 1.0 0.0 0.0 0.0 0.0 0.0 0.0 0.0 0.0 0.0 0.0 0.0 0.0 0.0 0.0 0.0 0.0 0.0 0.0 0.0 
0.0 0.0 0.0 0.0 0.0 0.0 0.0 0.0 0.0 0.0 0.0 0.0 0.0 0.0 0.0 0.0 0.0 0.8057777777777844 2.6115555555555687 3.6115555555555687 3.6115555555555687 3.6115555555555687 3.6115555555555687 3.6115555555555687 3.6115555555555687 3.6115555555555687 3.6115555555555687 3.6115555555555687 3.6115555555555687 3.6115555555555687 3.6115555555555687 3.6115555555555687 3.6115555555555687 3.6115555555555687 3.6115555555555687 3.6115555555555687 3.6115555555555687 3.6115555555555687 3.6115555555555687 3.6115555555555687 3.6115555555555687 3.6115555555555687 3.6115555555555687 2.8057777777777844 1.0 0.0 0.0 0.0 0.0 0.0 0.0 0.0 0.0 0.0 0.0 0.0 0.0 0.0 0.0 0.0 0.0 0.0 0.0 0.0 
0.0 0.0 0.0 0.0 0.0 0.0 0.0 0.0 0.0 0.0 0.0 0.0 0.0 0.0 0.0 0.0 0.0 0.8057777777777844 2.6115555555555687 3.6115555555555687 3.6115555555555687 3.6115555555555687 3.6115555555555687 3.6115555555555687 3.6115555555555687 3.6115555555555687 3.6115555555555687 3.6115555555555687 3.6115555555555687 3.6115555555555687 3.6115555555555687 3.6115555555555687 3.6115555555555687 3.6115555555555687 3.6115555555555687 3.6115555555555687 3.6115555555555687 3.6115555555555687 3.6115555555555687 3.6115555555555687 3.6115555555555687 3.6115555555555687 3.6115555555555687 2.8057777777777844 1.0 0.0 0.0 0.0 0.0 0.0 0.0 0.0 0.0 0.0 0.0 0.0 0.0 0.0 0.0 0.0 0.0 0.0 0.0 0.0 
0.0 0.0 0.0 0.0 0.0 0.0 0.0 0.0 0.0 0.0 0.0 0.0 0.0 0.0 0.0 0.0 0.0 0.8057777777777844 2.6115555555555687 3.6115555555555687 3.6115555555555687 3.6115555555555687 3.6115555555555687 3.6115555555555687 3.6115555555555687 3.6115555555555687 3.6115555555555687 3.6115555555555687 3.6115555555555687 3.6115555555555687 3.6115555555555687 3.6115555555555687 3.6115555555555687 3.6115555555555687 3.6115555555555687 3.6115555555555687 3.6115555555555687 3.6115555555555687 3.6115555555555687 3.6115555555555687 3.6115555555555687 3.6115555555555687 3.6115555555555687 2.8057777777777844 1.0 0.0 0.0 0.0 0.0 0.0 0.0 0.0 0.0 0.0 0.0 0.0 0.0 0.0 0.0 0.0 0.0 0.0 0.0 0.0 
0.0 0.0 0.0 0.0 0.0 0.0 0.0 0.0 0.0 0.0 0.0 0.0 0.0 0.0 0.0 0.0 0.0 0.8057777777777844 2.6115555555555687 3.6115555555555687 3.6115555555555687 3.6115555555555687 3.6115555555555687 3.6115555555555687 3.6115555555555687 3.6115555555555687 3.6115555555555687 3.6115555555555687 3.6115555555555687 3.6115555555555687 3.6115555555555687 3.6115555555555687 3.6115555555555687 3.6115555555555687 3.6115555555555687 3.6115555555555687 3.6115555555555687 3.6115555555555687 3.6115555555555687 3.6115555555555687 3.6115555555555687 3.6115555555555687 3.6115555555555687 2.8057777777777844 1.0 0.0 0.0 0.0 0.0 0.0 0.0 0.0 0.0 0.0 0.0 0.0 0.0 0.0 0.0 0.0 0.0 0.0 0.0 0.0 
0.0 0.0 0.0 0.0 0.0 0.0 0.0 0.0 0.0 0.0 0.0 0.0 0.0 0.0 0.0 0.0 0.0 0.8057777777777844 2.6115555555555687 3.6115555555555687 3.6115555555555687 3.6115555555555687 3.6115555555555687 3.6115555555555687 3.6115555555555687 3.6115555555555687 3.6115555555555687 3.6115555555555687 3.6115555555555687 3.6115555555555687 3.6115555555555687 3.6115555555555687 3.6115555555555687 3.6115555555555687 3.6115555555555687 3.6115555555555687 3.6115555555555687 3.6115555555555687 3.6115555555555687 3.6115555555555687 3.6115555555555687 3.6115555555555687 3.6115555555555687 2.8057777777777844 1.0 0.0 0.0 0.0 0.0 0.0 0.0 0.0 0.0 0.0 0.0 0.0 0.0 0.0 0.0 0.0 0.0 0.0 0.0 0.0 
0.0 0.0 0.0 0.0 0.0 0.0 0.0 0.0 0.0 0.0 0.0 0.0 0.0 0.0 0.0 0.0 0.0 0.8057777777777844 2.6115555555555687 3.6115555555555687 3.6115555555555687 3.6115555555555687 3.6115555555555687 3.6115555555555687 3.6115555555555687 3.6115555555555687 3.6115555555555687 3.6115555555555687 3.6115555555555687 3.6115555555555687 3.6115555555555687 3.6115555555555687 3.6115555555555687 3.6115555555555687 3.6115555555555687 3.6115555555555687 3.6115555555555687 3.6115555555555687 3.6115555555555687 3.6115555555555687 3.6115555555555687 3.6115555555555687 3.6115555555555687 2.8057777777777844 1.0 0.0 0.0 0.0 0.0 0.0 0.0 0.0 0.0 0.0 0.0 0.0 0.0 0.0 0.0 0.0 0.0 0.0 0.0 0.0 
0.0 0.0 0.0 0.0 0.0 0.0 0.0 0.0 0.0 0.0 0.0 0.0 0.0 0.0 0.0 0.0 0.0 0.8057777777777844 2.6115555555555687 3.6115555555555687 3.6115555555555687 3.6115555555555687 3.6115555555555687 3.6115555555555687 3.6115555555555687 3.6115555555555687 3.6115555555555687 3.6115555555555687 3.6115555555555687 3.6115555555555687 3.6115555555555687 3.6115555555555687 3.6115555555555687 3.6115555555555687 3.6115555555555687 3.6115555555555687 3.6115555555555687 3.6115555555555687 3.6115555555555687 3.6115555555555687 3.6115555555555687 3.6115555555555687 3.6115555555555687 2.8057777777777844 1.0 0.0 0.0 0.0 0.0 0.0 0.0 0.0 0.0 0.0 0.0 0.0 0.0 0.0 0.0 0.0 0.0 0.0 0.0 0.0 
0.0 0.0 0.0 0.0 0.0 0.0 0.0 0.0 0.0 0.0 0.0 0.0 0.0 0.0 0.0 0.0 0.0 0.8057777777777844 2.6115555555555687 3.6115555555555687 3.6115555555555687 3.6115555555555687 3.6115555555555687 3.6115555555555687 3.6115555555555687 3.6115555555555687 3.6115555555555687 3.6115555555555687 3.6115555555555687 3.6115555555555687 3.6115555555555687 3.6115555555555687 3.6115555555555687 3.6115555555555687 3.6115555555555687 3.6115555555555687 3.6115555555555687 3.6115555555555687 3.6115555555555687 3.6115555555555687 3.6115555555555687 3.6115555555555687 3.6115555555555687 2.8057777777777844 1.0 0.0 0.0 0.0 0.0 0.0 0.0 0.0 0.0 0.0 0.0 0.0 0.0 0.0 0.0 0.0 0.0 0.0 0.0 0.0 
0.0 0.0 0.0 0.0 0.0 0.0 0.0 0.0 0.0 0.0 0.0 0.0 0.0 0.0 0.0 0.0 0.0 0.8057777777777844 2.6115555555555687 3.6115555555555687 3.6115555555555687 3.6115555555555687 3.6115555555555687 3.6115555555555687 3.6115555555555687 3.6115555555555687 3.6115555555555687 3.6115555555555687 3.6115555555555687 3.6115555555555687 3.6115555555555687 3.6115555555555687 3.6115555555555687 3.6115555555555687 3.6115555555555687 3.6115555555555687 3.6115555555555687 3.6115555555555687 3.6115555555555687 3.611555555555576 3.6115555555555687 3.6115555555555687 3.6115555555555687 2.8057777777777844 1.0 0.0 0.0 0.0 0.0 0.0 0.0 0.0 0.0 0.0 0.0 0.0 0.0 0.0 0.0 0.0 0.0 0.0 0.0 0.0 
0.0 0.0 0.0 0.0 0.0 0.0 0.0 0.0 0.0 0.0 0.0 0.0 0.0 0.0 0.0 0.0 0.0 0.8057777777777844 2.6115555555555687 3.6115555555555687 3.6115555555555687 3.6115555555555687 3.6115555555555687 3.6115555555555687 3.6115555555555687 3.6115555555555687 3.6115555555555687 3.6115555555555687 3.6115555555555687 3.6115555555555687 3.6115555555555687 3.6115555555555687 3.6115555555555687 3.6115555555555687 3.6115555555555687 3.6115555555555687 3.6115555555555687 3.6115555555555687 3.6115555555555616 3.6115555555555616 3.6115555555555687 3.6115555555555687 3.6115555555555687 2.8057777777777844 1.0 0.0 0.0 0.0 0.0 0.0 0.0 0.0 0.0 0.0 0.0 0.0 0.0 0.0 0.0 0.0 0.0 0.0 0.0 0.0 
0.0 0.0 0.0 0.0 0.0 0.0 0.0 0.0 0.0 0.0 0.0 0.0 0.0 0.0 0.0 0.0 0.0 0.8057777777777844 2.6115555555555687 3.6115555555555687 3.6115555555555687 3.6115555555555687 3.6115555555555687 3.6115555555555687 3.6115555555555687 3.6115555555555687 3.6115555555555687 3.6115555555555687 3.6115555555555687 3.6115555555555687 3.6115555555555687 3.6115555555555687 3.6115555555555687 3.6115555555555687 3.6115555555555687 3.6115555555555687 3.6115555555555687 3.6115555555555687 3.6115555555555687 3.6115555555555687 3.6115555555555687 3.6115555555555687 3.6115555555555687 2.8057777777777844 1.0 0.0 0.0 0.0 0.0 0.0 0.0 0.0 0.0 0.0 0.0 0.0 0.0 0.0 0.0 0.0 0.0 0.0 0.0 0.0 
0.0 0.0 0.0 0.0 0.0 0.0 0.0 0.0 0.0 0.0 0.0 0.0 0.0 0.0 0.0 0.0 0.0 0.8057777777777844 2.6115555555555687 3.6115555555555687 3.6115555555555687 3.6115555555555687 3.6115555555555687 3.6115555555555687 3.6115555555555687 3.6115555555555687 3.6115555555555687 3.6115555555555687 3.6115555555555687 3.6115555555555687 3.6115555555555687 3.6115555555555687 3.6115555555555687 3.6115555555555687 3.6115555555555687 3.6115555555555687 3.6115555555555687 3.6115555555555687 3.611555555555583 3.6115555555555687 3.6115555555555687 3.6115555555555687 3.6115555555555687 2.8057777777777844 1.0 0.0 0.0 0.0 0.0 0.0 0.0 0.0 0.0 0.0 0.0 0.0 0.0 0.0 0.0 0.0 0.0 0.0 0.0 0.0 
0.0 0.0 0.0 0.0 0.0 0.0 0.0 0.0 0.0 0.0 0.0 0.0 0.0 0.0 0.0 0.0 0.0 0.8057777777777844 2.6115555555555687 3.6115555555555687 3.6115555555555687 3.6115555555555687 3.6115555555555687 3.6115555555555687 3.6115555555555687 3.6115555555555687 3.6115555555555687 3.6115555555555687 3.6115555555555687 3.6115555555555687 3.6115555555555687 3.6115555555555687 3.6115555555555687 3.6115555555555687 3.6115555555555687 3.6115555555555687 3.6115555555555687 3.6115555555555545 3.6115555555555687 3.6115555555555687 3.6115555555555687 3.6115555555555687 3.6115555555555687 2.8057777777777844 1.0 0.0 0.0 0.0 0.0 0.0 0.0 0.0 0.0 0.0 0.0 0.0 0.0 0.0 0.0 0.0 0.0 0.0 0.0 0.0 
0.0 0.0 0.0 0.0 0.0 0.0 0.0 0.0 0.0 0.0 0.0 0.0 0.0 0.0 0.0 0.0 0.0 0.8057777777777844 2.514444444444461 3.417333333333353 3.417333333333353 3.417333333333353 3.417333333333353 3.417333333333353 3.417333333333353 3.417333333333353 3.417333333333353 3.417333333333353 3.417333333333353 3.417333333333353 3.417333333333353 3.417333333333353 3.417333333333353 3.417333333333353 3.417333333333353 3.417333333333353 3.417333333333353 3.417333333333346 3.417333333333339 3.417333333333353 3.417333333333353 3.417333333333353 3.417333333333353 2.6115555555555687 0.9028888888888922 0.0 0.0 0.0 0.0 0.0 0.0 0.0 0.0 0.0 0.0 0.0 0.0 0.0 0.0 0.0 0.0 0.0 0.0 0.0 
0.0 0.0 0.0 0.0 0.0 0.0 0.0 0.0 0.0 0.0 0.0 0.0 0.0 0.0 0.0 0.0 0.0 0.4028888888888922 1.2086666666666765 1.6115555555555687 1.6115555555555687 1.6115555555555687 1.6115555555555687 1.6115555555555687 1.6115555555555687 1.6115555555555687 1.6115555555555687 1.6115555555555687 1.6115555555555687 1.6115555555555687 1.6115555555555687 1.6115555555555687 1.6115555555555687 1.6115555555555687 1.6115555555555687 1.6115555555555687 1.6115555555555616 1.6115555555555616 1.6115555555555687 1.6115555555555687 1.6115555555555687 1.6115555555555687 1.6115555555555687 1.2086666666666765 0.4028888888888922 0.0 0.0 0.0 0.0 0.0 0.0 0.0 0.0 0.0 0.0 0.0 0.0 0.0 0.0 0.0 0.0 0.0 0.0 0.0 
0.0 0.0 0.0 0.0 0.0 0.0 0.0 0.0 0.0 0.0 0.0 0.0 0.0 0.0 0.0 0.0 0.0 0.0 0.0 0.0 0.0 0.0 0.0 0.0 0.0 0.0 0.0 0.0 0.0 0.0 0.0 0.0 0.0 0.0 0.0 0.0 0.0 0.0 0.0 0.0 0.0 0.0 0.0 0.0 0.0 0.0 0.0 0.0 0.0 0.0 0.0 0.0 0.0 0.0 0.0 0.0 0.0 0.0 0.0 0.0 0.0 0.0 0.0 0.0 
0.0 0.0 0.0 0.0 0.0 0.0 0.0 0.0 0.0 0.0 0.0 0.0 0.0 0.0 0.0 0.0 0.0 0.0 0.0 0.0 0.0 0.0 0.0 0.0 0.0 0.0 0.0 0.0 0.0 0.0 0.0 0.0 0.0 0.0 0.0 0.0 0.0 0.0 0.0 0.0 0.0 0.0 0.0 0.0 0.0 0.0 0.0 0.0 0.0 0.0 0.0 0.0 0.0 0.0 0.0 0.0 0.0 0.0 0.0 0.0 0.0 0.0 0.0 0.0 
0.0 0.0 0.0 0.0 0.0 0.0 0.0 0.0 0.0 0.0 0.0 0.0 0.0 0.0 0.0 0.0 0.0 0.0 0.0 0.0 0.0 0.0 0.0 0.0 0.0 0.0 0.0 0.0 0.0 0.0 0.0 0.0 0.0 0.0 0.0 0.0 0.0 0.0 0.0 0.0 0.0 0.0 0.0 0.0 0.0 0.0 0.0 0.0 0.0 0.0 0.0 0.0 0.0 0.0 0.0 0.0 0.0 0.0 0.0 0.0 0.0 0.0 0.0 0.0 
0.0 0.0 0.0 0.0 0.0 0.0 0.0 0.0 0.0 0.0 0.0 0.0 0.0 0.0 0.0 0.0 0.0 0.0 0.0 0.0 0.0 0.0 0.0 0.0 0.0 0.0 0.0 0.0 0.0 0.0 0.0 0.0 0.0 0.0 0.0 0.0 0.0 0.0 0.0 0.0 0.0 0.0 0.0 0.0 0.0 0.0 0.0 0.0 0.0 0.0 0.0 0.0 0.0 0.0 0.0 0.0 0.0 0.0 0.0 0.0 0.0 0.0 0.0 0.0 
0.0 0.0 0.0 0.0 0.0 0.0 0.0 0.0 0.0 0.0 0.0 0.0 0.0 0.0 0.0 0.0 0.0 0.0 0.0 0.0 0.0 0.0 0.0 0.0 0.0 0.0 0.0 0.0 0.0 0.0 0.0 0.0 0.0 0.0 0.0 0.0 0.0 0.0 0.0 0.0 0.0 0.0 0.0 0.0 0.0 0.0 0.0 0.0 0.0 0.0 0.0 0.0 0.0 0.0 0.0 0.0 0.0 0.0 0.0 0.0 0.0 0.0 0.0 0.0 
0.0 0.0 0.0 0.0 0.0 0.0 0.0 0.0 0.0 0.0 0.0 0.0 0.0 0.0 0.0 0.0 0.0 0.0 0.0 0.0 0.0 0.0 0.0 0.0 0.0 0.0 0.0 0.0 0.0 0.0 0.0 0.0 0.0 0.0 0.0 0.0 0.0 0.0 0.0 0.0 0.0 0.0 0.0 0.0 0.0 0.0 0.0 0.0 0.0 0.0 0.0 0.0 0.0 0.0 0.0 0.0 0.0 0.0 0.0 0.0 0.0 0.0 0.0 0.0 
0.0 0.0 0.0 0.0 0.0 0.0 0.0 0.0 0.0 0.0 0.0 0.0 0.0 0.0 0.0 0.0 0.0 0.0 0.0 0.0 0.0 0.0 0.0 0.0 0.0 0.0 0.0 0.0 0.0 0.0 0.0 0.0 0.0 0.0 0.0 0.0 0.0 0.0 0.0 0.0 0.0 0.0 0.0 0.0 0.0 0.0 0.0 0.0 0.0 0.0 0.0 0.0 0.0 0.0 0.0 0.0 0.0 0.0 0.0 0.0 0.0 0.0 0.0 0.0 
0.0 0.0 0.0 0.0 0.0 0.0 0.0 0.0 0.0 0.0 0.0 0.0 0.0 0.0 0.0 0.0 0.0 0.0 0.0 0.0 0.0 0.0 0.0 0.0 0.0 0.0 0.0 0.0 0.0 0.0 0.0 0.0 0.0 0.0 0.0 0.0 0.0 0.0 0.0 0.0 0.0 0.0 0.0 0.0 0.0 0.0 0.0 0.0 0.0 0.0 0.0 0.0 0.0 0.0 0.0 0.0 0.0 0.0 0.0 0.0 0.0 0.0 0.0 0.0 
0.0 0.0 0.0 0.0 0.0 0.0 0.0 0.0 0.0 0.0 0.0 0.0 0.0 0.0 0.0 0.0 0.0 0.0 0.0 0.0 0.0 0.0 0.0 0.0 0.0 0.0 0.0 0.0 0.0 0.0 0.0 0.0 0.0 0.0 0.0 0.0 0.0 0.0 0.0 0.0 0.0 0.0 0.0 0.0 0.0 0.0 0.0 0.0 0.0 0.0 0.0 0.0 0.0 0.0 0.0 0.0 0.0 0.0 0.0 0.0 0.0 0.0 0.0 0.0 
0.0 0.0 0.0 0.0 0.0 0.0 0.0 0.0 0.0 0.0 0.0 0.0 0.0 0.0 0.0 0.0 0.0 0.0 0.0 0.0 0.0 0.0 0.0 0.0 0.0 0.0 0.0 0.0 0.0 0.0 0.0 0.0 0.0 0.0 0.0 0.0 0.0 0.0 0.0 0.0 0.0 0.0 0.0 0.0 0.0 0.0 0.0 0.0 0.0 0.0 0.0 0.0 0.0 0.0 0.0 0.0 0.0 0.0 0.0 0.0 0.0 0.0 0.0 0.0 
0.0 0.0 0.0 0.0 0.0 0.0 0.0 0.0 0.0 0.0 0.0 0.0 0.0 0.0 0.0 0.0 0.0 0.0 0.0 0.0 0.0 0.0 0.0 0.0 0.0 0.0 0.0 0.0 0.0 0.0 0.0 0.0 0.0 0.0 0.0 0.0 0.0 0.0 0.0 0.0 0.0 0.0 0.0 0.0 0.0 0.0 0.0 0.0 0.0 0.0 0.0 0.0 0.0 0.0 0.0 0.0 0.0 0.0 0.0 0.0 0.0 0.0 0.0 0.0 
0.0 0.0 0.0 0.0 0.0 0.0 0.0 0.0 0.0 0.0 0.0 0.0 0.0 0.0 0.0 0.0 0.0 0.0 0.0 0.0 0.0 0.0 0.0 0.0 0.0 0.0 0.0 0.0 0.0 0.0 0.0 0.0 0.0 0.0 0.0 0.0 0.0 0.0 0.0 0.0 0.0 0.0 0.0 0.0 0.0 0.0 0.0 0.0 0.0 0.0 0.0 0.0 0.0 0.0 0.0 0.0 0.0 0.0 0.0 0.0 0.0 0.0 0.0 0.0 
0.0 0.0 0.0 0.0 0.0 0.0 0.0 0.0 0.0 0.0 0.0 0.0 0.0 0.0 0.0 0.0 0.0 0.0 0.0 0.0 0.0 0.0 0.0 0.0 0.0 0.0 0.0 0.0 0.0 0.0 0.0 0.0 0.0 0.0 0.0 0.0 0.0 0.0 0.0 0.0 0.0 0.0 0.0 0.0 0.0 0.0 0.0 0.0 0.0 0.0 0.0 0.0 0.0 0.0 0.0 0.0 0.0 0.0 0.0 0.0 0.0 0.0 0.0 0.0 
0.0 0.0 0.0 0.0 0.0 0.0 0.0 0.0 0.0 0.0 0.0 0.0 0.0 0.0 0.0 0.0 0.0 0.0 0.0 0.0 0.0 0.0 0.0 0.0 0.0 0.0 0.0 0.0 0.0 0.0 0.0 0.0 0.0 0.0 0.0 0.0 0.0 0.0 0.0 0.0 0.0 0.0 0.0 0.0 0.0 0.0 0.0 0.0 0.0 0.0 0.0 0.0 0.0 0.0 0.0 0.0 0.0 0.0 0.0 0.0 0.0 0.0 0.0 0.0 
0.0 0.0 0.0 0.0 0.0 0.0 0.0 0.0 0.0 0.0 0.0 0.0 0.0 0.0 0.0 0.0 0.0 0.0 0.0 0.0 0.0 0.0 0.0 0.0 0.0 0.0 0.0 0.0 0.0 0.0 0.0 0.0 0.0 0.0 0.0 0.0 0.0 0.0 0.0 0.0 0.0 0.0 0.0 0.0 0.0 0.0 0.0 0.0 0.0 0.0 0.0 0.0 0.0 0.0 0.0 0.0 0.0 0.0 0.0 0.0 0.0 0.0 0.0 0.0 
0.0 0.0 0.0 0.0 0.0 0.0 0.0 0.0 0.0 0.0 0.0 0.0 0.0 0.0 0.0 0.0 0.0 0.0 0.0 0.0 0.0 0.0 0.0 0.0 0.0 0.0 0.0 0.0 0.0 0.0 0.0 0.0 0.0 0.0 0.0 0.0 0.0 0.0 0.0 0.0 0.0 0.0 0.0 0.0 0.0 0.0 0.0 0.0 0.0 0.0 0.0 0.0 0.0 0.0 0.0 0.0 0.0 0.0 0.0 0.0 0.0 0.0 0.0 0.0 
0.0 0.0 0.0 0.0 0.0 0.0 0.0 0.0 0.0 0.0 0.0 0.0 0.0 0.0 0.0 0.0 0.0 0.0 0.0 0.0 0.0 0.0 0.0 0.0 0.0 0.0 0.0 0.0 0.0 0.0 0.0 0.0 0.0 0.0 0.0 0.0 0.0 0.0 0.0 0.0 0.0 0.0 0.0 0.0 0.0 0.0 0.0 0.0 0.0 0.0 0.0 0.0 0.0 0.0 0.0 0.0 0.0 0.0 0.0 0.0 0.0 0.0 0.0 0.0 
0.0 0.0 0.0 0.0 0.0 0.0 0.0 0.0 0.0 0.0 0.0 0.0 0.0 0.0 0.0 0.0 0.0 0.0 0.0 0.0 0.0 0.0 0.0 0.0 0.0 0.0 0.0 0.0 0.0 0.0 0.0 0.0 0.0 0.0 0.0 0.0 0.0 0.0 0.0 0.0 0.0 0.0 0.0 0.0 0.0 0.0 0.0 0.0 0.0 0.0 0.0 0.0 0.0 0.0 0.0 0.0 0.0 0.0 0.0 0.0 0.0 0.0 0.0 0.0 
0.0 0.0 0.0 0.0 0.0 0.0 0.0 0.0 0.0 0.0 0.0 0.0 0.0 0.0 0.0 0.0 0.0 0.0 0.0 0.0 0.0 0.0 0.0 0.0 0.0 0.0 0.0 0.0 0.0 0.0 0.0 0.0 0.0 0.0 0.0 0.0 0.0 0.0 0.0 0.0 0.0 0.0 0.0 0.0 0.0 0.0 0.0 0.0 0.0 0.0 0.0 0.0 0.0 0.0 0.0 0.0 0.0 0.0 0.0 0.0 0.0 0.0 0.0 0.0 
0.0 0.0 0.0 0.0 0.0 0.0 0.0 0.0 0.0 0.0 0.0 0.0 0.0 0.0 0.0 0.0 0.0 0.0 0.0 0.0 0.0 0.0 0.0 0.0 0.0 0.0 0.0 0.0 0.0 0.0 0.0 0.0 0.0 0.0 0.0 0.0 0.0 0.0 0.0 0.0 0.0 0.0 0.0 0.0 0.0 0.0 0.0 0.0 0.0 0.0 0.0 0.0 0.0 0.0 0.0 0.0 0.0 0.0 0.0 0.0 0.0 0.0 0.0 0.0 
0.0 0.0 0.0 0.0 0.0 0.0 0.0 0.0 0.0 0.0 0.0 0.0 0.0 0.0 0.0 0.0 0.0 0.0 0.0 0.0 0.0 0.0 0.0 0.0 0.0 0.0 0.0 0.0 0.0 0.0 0.0 0.0 0.0 0.0 0.0 0.0 0.0 0.0 0.0 0.0 0.0 0.0 0.0 0.0 0.0 0.0 0.0 0.0 0.0 0.0 0.0 0.0 0.0 0.0 0.0 0.0 0.0 0.0 0.0 0.0 0.0 0.0 0.0 0.0 
0.0 0.0 0.0 0.0 0.0 0.0 0.0 0.0 0.0 0.0 0.0 0.0 0.0 0.0 0.0 0.0 0.0 0.0 0.0 0.0 0.0 0.0 0.0 0.0 0.0 0.0 0.0 0.0 0.0 0.0 0.0 0.0 0.0 0.0 0.0 0.0 0.0 0.0 0.0 0.0 0.0 0.0 0.0 0.0 0.0 0.0 0.0 0.0 0.0 0.0 0.0 0.0 0.0 0.0 0.0 0.0 0.0 0.0 0.0 0.0 0.0 0.0 0.0 0.0 
0.0 0.0 0.0 0.0 0.0 0.0 0.0 0.0 0.0 0.0 0.0 0.0 0.0 0.0 0.0 0.0 0.0 0.0 0.0 0.0 0.0 0.0 0.0 0.0 0.0 0.0 0.0 0.0 0.0 0.0 0.0 0.0 0.0 0.0 0.0 0.0 0.0 0.0 0.0 0.0 0.0 0.0 0.0 0.0 0.0 0.0 0.0 0.0 0.0 0.0 0.0 0.0 0.0 0.0 0.0 0.0 0.0 0.0 0.0 0.0 0.0 0.0 0.0 0.0 
0.0 0.0 0.0 0.0 0.0 0.0 0.0 0.0 0.0 0.0 0.0 0.0 0.0 0.0 0.0 0.0 0.0 0.0 0.0 0.0 0.0 0.0 0.0 0.0 0.0 0.0 0.0 0.0 0.0 0.0 0.0 0.0 0.0 0.0 0.0 0.0 0.0 0.0 0.0 0.0 0.0 0.0 0.0 0.0 0.0 0.0 0.0 0.0 0.0 0.0 0.0 0.0 0.0 0.0 0.0 0.0 0.0 0.0 0.0 0.0 0.0 0.0 0.0 0.0 
0.0 0.0 0.0 0.0 0.0 0.0 0.0 0.0 0.0 0.0 0.0 0.0 0.0 0.0 0.0 0.0 0.0 0.0 0.0 0.0 0.0 0.0 0.0 0.0 0.0 0.0 0.0 0.0 0.0 0.0 0.0 0.0 0.0 0.0 0.0 0.0 0.0 0.0 0.0 0.0 0.0 0.0 0.0 0.0 0.0 0.0 0.0 0.0 0.0 0.0 0.0 0.0 0.0 0.0 0.0 0.0 0.0 0.0 0.0 0.0 0.0 0.0 0.0 0.0 
0.0 0.0 0.0 0.0 0.0 0.0 0.0 0.0 0.0 0.0 0.0 0.0 0.0 0.0 0.0 0.0 0.0 0.0 0.0 0.0 0.0 0.0 0.0 0.0 0.0 0.0 0.0 0.0 0.0 0.0 0.0 0.0 0.0 0.0 0.0 0.0 0.0 0.0 0.0 0.0 0.0 0.0 0.0 0.0 0.0 0.0 0.0 0.0 0.0 0.0 0.0 0.0 0.0 0.0 0.0 0.0 0.0 0.0 0.0 0.0 0.0 0.0 0.0 0.0 
0.0 0.0 0.0 0.0 0.0 0.0 0.0 0.0 0.0 0.0 0.0 0.0 0.0 0.0 0.0 0.0 0.0 0.0 0.0 0.0 0.0 0.0 0.0 0.0 0.0 0.0 0.0 0.0 0.0 0.0 0.0 0.0 0.0 0.0 0.0 0.0 0.0 0.0 0.0 0.0 0.0 0.0 0.0 0.0 0.0 0.0 0.0 0.0 0.0 0.0 0.0 0.0 0.0 0.0 0.0 0.0 0.0 0.0 0.0 0.0 0.0 0.0 0.0 0.0 
0.0 0.0 0.0 0.0 0.0 0.0 0.0 0.0 0.0 0.0 0.0 0.0 0.0 0.0 0.0 0.0 0.0 0.0 0.0 0.0 0.0 0.0 0.0 0.0 0.0 0.0 0.0 0.0 0.0 0.0 0.0 0.0 0.0 0.0 0.0 0.0 0.0 0.0 0.0 0.0 0.0 0.0 0.0 0.0 0.0 0.0 0.0 0.0 0.0 0.0 0.0 0.0 0.0 0.0 0.0 0.0 0.0 0.0 0.0 0.0 0.0 0.0 0.0 0.0 
0.0 0.0 0.0 0.0 0.0 0.0 0.0 0.0 0.0 0.0 0.0 0.0 0.0 0.0 0.0 0.0 0.0 0.0 0.0 0.0 0.0 0.0 0.0 0.0 0.0 0.0 0.0 0.0 0.0 0.0 0.0 0.0 0.0 0.0 0.0 0.0 0.0 0.0 0.0 0.0 0.0 0.0 0.0 0.0 0.0 0.0 0.0 0.0 0.0 0.0 0.0 0.0 0.0 0.0 0.0 0.0 0.0 0.0 0.0 0.0 0.0 0.0 0.0 0.0 
0.0 0.0 0.0 0.0 0.0 0.0 0.0 0.0 0.0 0.0 0.0 0.0 0.0 0.0 0.0 0.0 0.0 0.0 0.0 0.0 0.0 0.0 0.0 0.0 0.0 0.0 0.0 0.0 0.0 0.0 0.0 0.0 0.0 0.0 0.0 0.0 0.0 0.0 0.0 0.0 0.0 0.0 0.0 0.0 0.0 0.0 0.0 0.0 0.0 0.0 0.0 0.0 0.0 0.0 0.0 0.0 0.0 0.0 0.0 0.0 0.0 0.0 0.0 0.0 
