0.0 0.0 0.0 0.0 0.0 0.0 0.0 0.0 0.0 0.0 0.0 0.0 0.0 0.0 0.0 0.0 0.0 0.0 0.0 0.0 0.0 0.0 0.0 0.0 0.0 0.0 0.0 0.0 0.0 0.0 0.0 0.0 0.0 0.0 0.0 0.0 0.0 0.0 0.0 0.0 0.0 0.0 0.0 0.0 0.0 0.0 0.0 0.0 0.0 0.0 0.0 0.0 0.0 0.0 0.0 0.0 0.0 0.0 0.0 0.0 0.0 0.0 0.0 0.0 
0.0 0.0 0.0 0.0 0.0 0.0 0.0 0.0 0.0 0.0 0.0 0.0 0.0 0.0 0.0 0.0 0.0 0.0 0.0 0.0 0.0 0.0 0.0 0.0 0.0 0.0 0.0 0.0 0.0 0.0 0.0 0.0 0.0 0.0 0.0 0.0 0.0 0.0 0.0 0.0 0.0 0.0 0.0 0.0 0.0 0.0 0.0 0.0 0.0 0.0 0.0 0.0 0.0 0.0 0.0 0.0 0.0 0.0 0.0 0.0 0.0 0.0 0.0 0.0 
0.0 0.0 0.0 0.0 0.0 0.0 0.0 0.0 0.0 0.0 0.0 0.0 0.0 0.0 0.0 0.0 0.0 0.0 0.0 0.0 0.0 0.0 0.0 0.0 0.0 0.0 0.0 0.0 0.0 0.0 0.0 0.0 0.0 0.0 0.0 0.0 0.0 0.0 0.0 0.0 0.0 0.0 0.0 0.0 0.0 0.0 0.0 0.0 0.0 0.0 0.0 0.0 0.0 0.0 0.0 0.0 0.0 0.0 0.0 0.0 0.0 0.0 0.0 0.0 
0.0 0.0 0.0 0.0 0.0 0.0 0.0 0.0 0.0 0.0 0.0 0.0 0.0 0.0 0.0 0.0 0.0 0.0 0.0 0.0 0.0 0.0 0.0 0.0 0.0 0.0 0.0 0.0 0.0 0.0 0.0 0.0 0.0 0.0 0.0 0.0 0.0 0.0 0.0 0.0 0.0 0.0 0.0 0.0 0.0 0.0 0.0 0.0 0.0 0.0 0.0 0.0 0.0 0.0 0.0 0.0 0.0 0.0 0.0 0.0 0.0 0.0 0.0 0.0 
0.0 0.0 0.0 0.0 0.0 0.0 0.0 0.0 0.0 0.0 0.0 0.0 0.0 0.0 0.0 0.0 0.0 0.0 0.0 0.0 0.0 0.0 0.0 0.0 0.0 0.0 0.0 0.0 0.0 0.0 0.0 0.0 0.0 0.0 0.0 0.0 0.0 0.0 0.0 0.0 0.0 0.0 0.0 0.0 0.0 0.0 0.0 0.0 0.0 0.0 0.0 0.0 0.0 0.0 0.0 0.0 0.0 0.0 0.0 0.0 0.0 0.0 0.0 0.0 
0.0 0.0 0.0 0.0 0.0 0.0 0.0 0.0 0.0 0.0 0.0 0.0 0.0 0.0 0.0 0.0 0.0 0.0 0.0 0.0 0.0 0.0 0.0 0.0 0.0 0.0 0.0 0.0 0.0 0.0 0.0 0.0 0.0 0.0 0.0 0.0 0.0 0.0 0.0 0.0 0.0 0.0 0.0 0.0 0.0 0.0 0.0 0.0 0.0 0.0 0.0 0.0 0.0 0.0 0.0 0.0 0.0 0.0 0.0 0.0 0.0 0.0 0.0 0.0 
0.0 0.0 0.0 0.0 0.0 0.0 0.0 0.0 0.0 0.0 0.0 0.0 0.0 0.0 0.0 0.0 0.0 0.0 0.0 0.0 0.0 0.0 0.0 0.0 0.0 0.0 0.0 0.0 0.0 0.0 0.0 0.0 0.0 0.0 0.0 0.0 0.0 0.0 0.0 0.0 0.0 0.0 0.0 0.0 0.0 0.0 0.0 0.0 0.0 0.0 0.0 0.0 0.0 0.0 0.0 0.0 0.0 0.0 0.0 0.0 0.0 0.0 0.0 0.0 
0.0 0.0 0.0 0.0 0.0 0.0 0.0 0.0 0.0 0.0 0.0 0.0 0.0 0.0 0.0 0.0 0.0 0.0 0.0 0.0 0.0 0.0 0.0 0.0 0.0 0.0 0.0 0.0 0.0 0.0 0.0 0.0 0.0 0.0 0.0 0.0 0.0 0.0 0.0 0.0 0.0 0.0 0.0 0.0 0.0 0.0 0.0 0.0 0.0 0.0 0.0 0.0 0.0 0.0 0.0 0.0 0.0 0.0 0.0 0.0 0.0 0.0 0.0 0.0 
0.0 0.0 0.0 0.0 0.0 0.0 0.0 0.0 0.0 0.0 0.0 0.0 0.0 0.0 0.0 0.0 0.0 0.0 0.0 0.0 0.0 0.0 0.0 0.0 0.0 0.0 0.0 0.0 0.0 0.0 0.0 0.0 0.0 0.0 0.0 0.0 0.0 0.0 0.0 0.0 0.0 0.0 0.0 0.0 0.0 0.0 0.0 0.0 0.0 0.0 0.0 0.0 0.0 0.0 0.0 0.0 0.0 0.0 0.0 0.0 0.0 0.0 0.0 0.0 
0.0 0.0 0.0 0.0 0.0 0.0 0.0 0.0 0.0 0.0 0.0 0.0 0.0 0.0 0.0 0.0 0.0 0.0 0.0 0.0 0.0 0.0 0.0 0.0 0.0 0.0 0.0 0.0 0.0 0.0 0.0 0.0 0.0 0.0 0.0 0.0 0.0 0.0 0.0 0.0 0.0 0.0 0.0 0.0 0.0 0.0 0.0 0.0 0.0 0.0 0.0 0.0 0.0 0.0 0.0 0.0 0.0 0.0 0.0 0.0 0.0 0.0 0.0 0.0 
0.0 0.0 0.0 0.0 0.0 0.0 0.0 0.0 0.0 0.0 0.0 0.0 0.0 0.0 0.0 0.0 0.0 0.0 0.0 0.0 0.0 0.0 0.0 0.0 0.0 0.0 0.0 0.0 0.0 0.0 0.0 0.0 0.0 0.0 0.0 0.0 0.0 0.0 0.0 0.0 0.0 0.0 0.0 0.0 0.0 0.0 0.0 0.0 0.0 0.0 0.0 0.0 0.0 0.0 0.0 0.0 0.0 0.0 0.0 0.0 0.0 0.0 0.0 0.0 
0.0 0.0 0.0 0.0 0.0 0.0 0.0 0.0 0.0 0.0 0.0 0.0 0.0 0.0 0.0 0.0 0.0 0.0 0.0 0.0 0.0 0.0 0.0 0.0 0.0 0.0 0.0 0.0 0.0 0.0 0.0 0.0 0.0 0.0 0.0 0.0 0.0 0.0 0.0 0.0 0.0 0.0 0.0 0.0 0.0 0.0 0.0 0.0 0.0 0.0 0.0 0.0 0.0 0.0 0.0 0.0 0.0 0.0 0.0 0.0 0.0 0.0 0.0 0.0 
0.0 0.0 0.0 0.0 0.0 0.0 0.0 0.0 0.0 0.0 0.0 0.0 0.0 0.0 0.0 0.0 0.0 0.0 0.0 0.0 0.0 0.0 0.0 0.0 0.0 0.0 0.0 0.0 0.0 0.0 0.0 0.0 0.0 0.0 0.0 0.0 0.0 0.0 0.0 0.0 0.0 0.0 0.0 0.0 0.0 0.0 0.0 0.0 0.0 0.0 0.0 0.0 0.0 0.0 0.0 0.0 0.0 0.0 0.0 0.0 0.0 0.0 0.0 0.0 
0.0 0.0 0.0 0.0 0.0 0.0 0.0 0.0 0.0 0.0 0.0 0.0 0.0 0.0 0.0 0.0 0.0 0.0 0.0 0.0 0.0 0.0 0.0 0.0 0.0 0.0 0.0 0.0 0.0 0.0 0.0 0.0 0.0 0.0 0.0 0.0 0.0 0.0 0.0 0.0 0.0 0.0 0.0 0.0 0.0 0.0 0.0 0.0 0.0 0.0 0.0 0.0 0.0 0.0 0.0 0.0 0.0 0.0 0.0 0.0 0.0 0.0 0.0 0.0 
0.0 0.0 0.0 0.0 0.0 0.0 0.0 0.0 0.0 0.0 0.0 0.0 0.0 0.0 0.0 0.0 0.0 0.0 0.0 0.0 0.0 0.0 0.0 0.0 0.0 0.0 0.0 0.0 0.0 0.0 0.0 0.0 0.0 0.0 0.0 0.0 0.0 0.0 0.0 0.0 0.0 0.0 0.0 0.0 0.0 0.0 0.0 0.0 0.0 0.0 0.0 0.0 0.0 0.0 0.0 0.0 0.0 0.0 0.0 0.0 0.0 0.0 0.0 0.0 
0.0 0.0 0.0 0.0 0.0 0.0 0.0 0.0 0.0 0.0 0.0 0.0 0.0 0.0 0.0 0.0 0.0 0.0 0.0 0.0 0.0 0.0 0.0 0.0 0.0 0.0 0.0 0.0 0.0 0.0 0.0 0.0 0.0 0.0 0.0 0.0 0.0 0.0 0.0 0.0 0.0 0.0 0.0 0.0 0.0 0.0 0.0 0.0 0.0 0.0 0.0 0.0 0.0 0.0 0.0 0.0 0.0 0.0 0.0 0.0 0.0 0.0 0.0 0.0 
0.0 0.0 0.0 0.0 0.0 0.0 0.0 0.0 0.0 0.0 0.0 0.0 0.0 0.0 0.0 0.0 0.0 0.0 0.0 0.0 0.0 0.0 0.0 0.0 0.0 0.0 0.0 0.0 0.0 0.0 0.0 0.0 0.0 0.0 0.0 0.0 0.0 0.0 0.0 0.0 0.0 0.0 0.0 0.0 0.0 0.0 0.0 0.0 0.0 0.0 0.0 0.0 0.0 0.0 0.0 0.0 0.0 0.0 0.0 0.0 0.0 0.0 0.0 0.0 
0.0 0.0 0.0 0.0 0.0 0.0 0.0 0.0 0.0 0.0 0.0 0.0 0.0 0.0 0.0 0.0 0.0 0.0 0.0 0.0 0.0 0.0 0.0 0.0 0.0 0.0 0.0 0.0 0.0 0.0 0.0 0.0 0.0 0.0 0.0 0.0 0.0 0.0 0.0 0.0 0.0 0.0 0.0 0.0 0.0 0.0 0.0 0.0 0.0 0.0 0.0 0.0 0.0 0.0 0.0 0.0 0.0 0.0 0.0 0.0 0.0 0.0 0.0 0.0 
0.0 0.0 0.0 0.0 0.0 0.0 0.0 0.0 0.0 0.0 0.0 0.0 0.0 0.0 0.0 0.0 0.0 0.0 0.0 0.0 0.0 0.0 0.0 0.0 0.0 0.0 0.0 0.0 0.0 0.0 0.0 0.0 0.0 0.0 0.0 0.0 0.0 0.0 0.0 0.0 0.0 0.0 0.0 0.0 0.0 0.0 0.0 0.0 0.0 0.0 0.0 0.0 0.0 0.0 0.0 0.0 0.0 0.0 0.0 0.0 0.0 0.0 0.0 0.0 
0.0 0.0 0.0 0.0 0.0 0.0 0.0 0.0 0.0 0.0 0.0 0.0 0.0 0.0 0.0 0.0 0.0 0.0 0.0 0.0 0.0 0.0 0.0 0.0 0.0 0.0 0.0 0.0 0.0 0.0 0.0 0.0 0.0 0.0 0.0 0.0 0.0 0.0 0.0 0.0 0.0 0.0 0.0 0.0 0.0 0.0 0.0 0.0 0.0 0.0 0.0 0.0 0.0 0.0 0.0 0.0 0.0 0.0 0.0 0.0 0.0 0.0 0.0 0.0 
0.0 0.0 0.0 0.0 0.0 0.0 0.0 0.0 0.0 0.0 0.0 0.0 0.0 0.0 0.0 0.0 0.0 0.0 0.0 0.0 0.0 0.0 0.0 0.0 0.0 0.0 0.0 0.0 0.0 0.0 0.0 0.0 0.0 0.0 0.0 0.0 0.0 0.0 0.0 0.0 0.0 0.0 0.0 0.0 0.0 0.0 0.0 0.0 0.0 0.0 0.0 0.0 0.0 0.0 0.0 0.0 0.0 0.0 0.0 0.0 0.0 0.0 0.0 0.0 
0.0 0.0 0.0 0.0 0.0 0.0 0.0 0.0 0.0 0.0 0.0 0.0 0.0 0.0 0.0 0.0 0.0 0.0 0.0 0.0 0.0 0.0 0.0 0.0 0.0 0.0 0.0 0.0 0.0 0.0 0.0 0.0 0.0 0.0 0.0 0.0 0.0 0.0 0.0 0.0 0.0 0.0 0.0 0.0 0.0 0.0 0.0 0.0 0.0 0.0 0.0 0.0 0.0 0.0 0.0 0.0 0.0 0.0 0.0 0.0 0.0 0.0 0.0 0.0 
0.0 0.0 0.0 0.0 0.0 0.0 0.0 0.0 0.0 0.0 0.0 0.0 0.0 0.0 0.0 0.0 0.0 0.0 0.0 0.0 0.0 0.0 0.0 0.0 0.0 0.0 0.0 0.0 0.0 0.0 0.0 0.0 0.0 0.0 0.0 0.0 0.0 0.0 0.0 0.0 0.0 0.0 0.0 0.0 0.0 0.0 0.0 0.0 0.0 0.0 0.0 0.0 0.0 0.0 0.0 0.0 0.0 0.0 0.0 0.0 0.0 0.0 0.0 0.0 
0.0 0.0 0.0 0.0 0.0 0.0 0.0 0.0 0.0 0.0 0.0 0.0 0.0 0.0 0.0 0.0 0.0 0.0 0.0 0.0 0.0 0.0 0.0 0.0 0.0 0.0 0.0 0.0 0.0 0.0 0.0 0.0 0.0 0.0 0.0 0.0 0.0 0.0 0.0 0.0 0.0 0.0 0.0 0.0 0.0 0.0 0.0 0.0 0.0 0.0 0.0 0.0 0.0 0.0 0.0 0.0 0.0 0.0 0.0 0.0 0.0 0.0 0.0 0.0 
0.0 0.0 0.0 0.0 0.0 0.0 0.0 0.0 0.0 0.0 0.0 0.0 0.0 0.0 0.0 0.0 0.0 0.38599999999999923 1.1579999999999977 1.543999999999997 1.543999999999997 1.543999999999997 1.543999999999997 1.543999999999997 1.543999999999997 1.543999999999997 1.543999999999997 1.543999999999997 1.543999999999997 1.543999999999997 1.543999999999997 1.543999999999997 1.543999999999997 1.543999999999997 1.543999999999997 1.543999999999997 1.543999999999997 1.543999999999997 1.543999999999997 1.543999999999997 1.543999999999997 1.543999999999997 1.543999999999997 1.1579999999999977 0.38599999999999923 0.0 0.0 0.0 0.0 0.0 0.0 0.0 0.0 0.0 0.0 0.0 0.0 0.0 0.0 0.0 0.0 0.0 0.0 0.0 
0.0 0.0 0.0 0.0 0.0 0.0 0.0 0.0 0.0 0.0 0.0 0.0 0.0 0.0 0.0 0.0 0.0 0.7719999999999985 2.429999999999996 3.3159999999999954 3.3159999999999954 3.3159999999999954 3.3159999999999954 3.3159999999999954 3.3159999999999954 3.3159999999999954 3.3159999999999954 3.3159999999999954 3.3159999999999954 3.3159999999999954 3.3159999999999954 3.3159999999999954 3.3159999999999954 3.3159999999999954 3.3159999999999954 3.3159999999999954 3.3159999999999954 3.3159999999999954 3.3159999999999954 3.3159999999999954 3.3159999999999954 3.3159999999999954 3.3159999999999954 2.543999999999997 0.8859999999999992 0.0 0.0 0.0 0.0 0.0 0.0 0.0 0.0 0.0 0.0 0.0 0.0 0.0 0.0 0.0 0.0 0.0 0.0 0.0 
0.0 0.0 0.0 0.0 0.0 0.0 0.0 0.0 0.0 0.0 0.0 0.0 0.0 0.0 0.0 0.0 0.0 0.7719999999999985 2.543999999999997 3.543999999999997 3.543999999999997 3.543999999999997 3.543999999999997 3.543999999999997 3.543999999999997 3.543999999999997 3.543999999999997 3.543999999999997 3.543999999999997 3.543999999999997 3.543999999999997 3.543999999999997 3.543999999999997 3.543999999999997 3.543999999999997 3.543999999999997 3.543999999999997 3.543999999999997 3.543999999999997 3.543999999999997 3.543999999999997 3.543999999999997 3.543999999999997 2.7719999999999985 1.0 0.0 0.0 0.0 0.0 0.0 0.0 0.0 0.0 0.0 0.0 0.0 0.0 0.0 0.0 0.0 0.0 0.0 0.0 0.0 
0.0 0.0 0.0 0.0 0.0 0.0 0.0 0.0 0.0 0.0 0.0 0.0 0.0 0.0 0.0 0.0 0.0 0.7719999999999949 2.5439999999999863 3.5439999999999827 3.5439999999999827 3.5439999999999827 3.5439999999999827 3.5439999999999827 3.5439999999999827 3.5439999999999827 3.5439999999999827 3.5439999999999827 3.5439999999999827 3.5439999999999827 3.5439999999999827 3.5439999999999827 3.5439999999999827 3.5439999999999827 3.5439999999999827 3.5439999999999827 3.5439999999999827 3.5439999999999827 3.5439999999999827 3.5439999999999827 3.5439999999999827 3.5439999999999827 3.5439999999999827 2.771999999999988 0.9999999999999964 0.0 0.0 0.0 0.0 0.0 0.0 0.0 0.0 0.0 0.0 0.0 0.0 0.0 0.0 0.0 0.0 0.0 0.0 0.0 
0.0 0.0 0.0 0.0 0.0 0.0 0.0 0.0 0.0 0.0 0.0 0.0 0.0 0.0 0.0 0.0 0.0 0.7719999999999949 2.54399999999999 3.54399999999999 3.54399999999999 3.54399999999999 3.54399999999999 3.54399999999999 3.54399999999999 3.54399999999999 3.54399999999999 3.54399999999999 3.54399999999999 3.54399999999999 3.54399999999999 3.54399999999999 3.54399999999999 3.54399999999999 3.54399999999999 3.54399999999999 3.54399999999999 3.54399999999999 3.54399999999999 3.54399999999999 3.54399999999999 3.54399999999999 3.54399999999999 2.771999999999995 1.0 0.0 0.0 0.0 0.0 0.0 0.0 0.0 0.0 0.0 0.0 0.0 0.0 0.0 0.0 0.0 0.0 0.0 0.0 0.0 
0.0 0.0 0.0 0.0 0.0 0.0 0.0 0.0 0.0 0.0 0.0 0.0 0.0 0.0 0.0 0.0 0.0 0.7719999999999949 2.54399999999999 3.54399999999999 3.54399999999999 3.54399999999999 3.54399999999999 3.54399999999999 3.54399999999999 3.54399999999999 3.54399999999999 3.54399999999999 3.54399999999999 3.54399999999999 3.54399999999999 3.54399999999999 3.54399999999999 3.54399999999999 3.54399999999999 3.54399999999999 3.54399999999999 3.54399999999999 3.54399999999999 3.54399999999999 3.54399999999999 3.54399999999999 3.54399999999999 2.771999999999995 1.0 0.0 0.0 0.0 0.0 0.0 0.0 0.0 0.0 0.0 0.0 0.0 0.0 0.0 0.0 0.0 0.0 0.0 0.0 0.0 
0.0 0.0 0.0 0.0 0.0 0.0 0.0 0.0 0.0 0.0 0.0 0.0 0.0 0.0 0.0 0.0 0.0 0.7719999999999985 2.5440000000000005 3.544000000000004 3.544000000000004 3.544000000000004 3.544000000000004 3.544000000000004 3.544000000000004 3.544000000000004 3.544000000000004 3.544000000000004 3.544000000000004 3.544000000000004 3.544000000000004 3.544000000000004 3.544000000000004 3.544000000000004 3.544000000000004 3.544000000000004 3.544000000000004 3.544000000000004 3.544000000000004 3.544000000000004 3.544000000000004 3.544000000000004 3.544000000000004 2.7720000000000056 1.0000000000000036 0.0 0.0 0.0 0.0 0.0 0.0 0.0 0.0 0.0 0.0 0.0 0.0 0.0 0.0 0.0 0.0 0.0 0.0 0.0 
0.0 0.0 0.0 0.0 0.0 0.0 0.0 0.0 0.0 0.0 0.0 0.0 0.0 0.0 0.0 0.0 0.0 0.7719999999999985 2.543999999999997 3.543999999999997 3.543999999999997 3.543999999999997 3.543999999999997 3.543999999999997 3.543999999999997 3.543999999999997 3.543999999999997 3.543999999999997 3.543999999999997 3.543999999999997 3.543999999999997 3.543999999999997 3.543999999999997 3.543999999999997 3.543999999999997 3.543999999999997 3.543999999999997 3.543999999999997 3.543999999999997 3.543999999999997 3.543999999999997 3.543999999999997 3.543999999999997 2.7719999999999985 1.0 0.0 0.0 0.0 0.0 0.0 0.0 0.0 0.0 0.0 0.0 0.0 0.0 0.0 0.0 0.0 0.0 0.0 0.0 0.0 
0.0 0.0 0.0 0.0 0.0 0.0 0.0 0.0 0.0 0.0 0.0 0.0 0.0 0.0 0.0 0.0 0.0 0.7719999999999985 2.543999999999997 3.543999999999997 3.543999999999997 3.543999999999997 3.543999999999997 3.543999999999997 3.543999999999997 3.543999999999997 3.543999999999997 3.543999999999997 3.543999999999997 3.543999999999997 3.543999999999997 3.543999999999997 3.543999999999997 3.543999999999997 3.543999999999997 3.543999999999997 3.543999999999997 3.543999999999997 3.543999999999997 3.543999999999997 3.543999999999997 3.543999999999997 3.543999999999997 2.7719999999999985 1.0 0.0 0.0 0.0 0.0 0.0 0.0 0.0 0.0 0.0 0.0 0.0 0.0 0.0 0.0 0.0 0.0 0.0 0.0 0.0 
0.0 0.0 0.0 0.0 0.0 0.0 0.0 0.0 0.0 0.0 0.0 0.0 0.0 0.0 0.0 0.0 0.0 0.7719999999999985 2.543999999999997 3.543999999999997 3.543999999999997 3.543999999999997 3.543999999999997 3.543999999999997 3.543999999999997 3.543999999999997 3.543999999999997 3.543999999999997 3.543999999999997 3.543999999999997 3.543999999999997 3.543999999999997 3.543999999999997 3.543999999999997 3.543999999999997 3.543999999999997 3.543999999999997 3.543999999999997 3.543999999999997 3.543999999999997 3.543999999999997 3.543999999999997 3.543999999999997 2.7719999999999985 1.0 0.0 0.0 0.0 0.0 0.0 0.0 0.0 0.0 0.0 0.0 0.0 0.0 0.0 0.0 0.0 0.0 0.0 0.0 0.0 
0.0 0.0 0.0 0.0 0.0 0.0 0.0 0.0 0.0 0.0 0.0 0.0 0.0 0.0 0.0 0.0 0.0 0.7719999999999985 2.543999999999997 3.543999999999997 3.543999999999997 3.543999999999997 3.543999999999997 3.543999999999997 3.543999999999997 3.543999999999997 3.543999999999997 3.543999999999997 3.543999999999997 3.543999999999997 3.543999999999997 3.543999999999997 3.543999999999997 3.543999999999997 3.543999999999997 3.543999999999997 3.543999999999997 3.543999999999997 3.543999999999997 3.543999999999997 3.543999999999997 3.543999999999997 3.543999999999997 2.7719999999999985 1.0 0.0 0.0 0.0 0.0 0.0 0.0 0.0 0.0 0.0 0.0 0.0 0.0 0.0 0.0 0.0 0.0 0.0 0.0 0.0 
0.0 0.0 0.0 0.0 0.0 0.0 0.0 0.0 0.0 0.0 0.0 0.0 0.0 0.0 0.0 0.0 0.0 0.7719999999999985 2.543999999999997 3.543999999999997 3.543999999999997 3.543999999999997 3.543999999999997 3.543999999999997 3.543999999999997 3.543999999999997 3.543999999999997 3.543999999999997 3.543999999999997 3.543999999999997 3.543999999999997 3.543999999999997 3.543999999999997 3.543999999999997 3.543999999999997 3.543999999999997 3.543999999999997 3.543999999999997 3.543999999999997 3.543999999999997 3.543999999999997 3.543999999999997 3.543999999999997 2.7719999999999985 1.0 0.0 0.0 0.0 0.0 0.0 0.0 0.0 0.0 0.0 0.0 0.0 0.0 0.0 0.0 0.0 0.0 0.0 0.0 0.0 
0.0 0.0 0.0 0.0 0.0 0.0 0.0 0.0 0.0 0.0 0.0 0.0 0.0 0.0 0.0 0.0 0.0 0.7719999999999985 2.543999999999997 3.543999999999997 3.543999999999997 3.543999999999997 3.543999999999997 3.543999999999997 3.543999999999997 3.543999999999997 3.543999999999997 3.543999999999997 3.543999999999997 3.543999999999997 3.543999999999997 3.543999999999997 3.543999999999997 3.543999999999997 3.543999999999997 3.543999999999997 3.543999999999997 3.543999999999997 3.543999999999997 3.543999999999997 3.543999999999997 3.543999999999997 3.543999999999997 2.7719999999999985 1.0 0.0 0.0 0.0 0.0 0.0 0.0 0.0 0.0 0.0 0.0 0.0 0.0 0.0 0.0 0.0 0.0 0.0 0.0 0.0 
0.0 0.0 0.0 0.0 0.0 0.0 0.0 0.0 0.0 0.0 0.0 0.0 0.0 0.0 0.0 0.0 0.0 0.7719999999999985 2.543999999999997 3.543999999999997 3.543999999999997 3.543999999999997 3.543999999999997 3.543999999999997 3.543999999999997 3.543999999999997 3.543999999999997 3.543999999999997 3.543999999999997 3.543999999999997 3.543999999999997 3.543999999999997 3.543999999999997 3.543999999999997 3.543999999999997 3.543999999999997 3.543999999999997 3.543999999999997 3.543999999999997 3.543999999999997 3.543999999999997 3.543999999999997 3.543999999999997 2.7719999999999985 1.0 0.0 0.0 0.0 0.0 0.0 0.0 0.0 0.0 0.0 0.0 0.0 0.0 0.0 0.0 0.0 0.0 0.0 0.0 0.0 
0.0 0.0 0.0 0.0 0.0 0.0 0.0 0.0 0.0 0.0 0.0 0.0 0.0 0.0 0.0 0.0 0.0 0.7719999999999985 2.543999999999997 3.543999999999997 3.543999999999997 3.543999999999997 3.543999999999997 3.543999999999997 3.543999999999997 3.543999999999997 3.543999999999997 3.543999999999997 3.543999999999997 3.543999999999997 3.543999999999997 3.543999999999997 3.543999999999997 3.543999999999997 3.543999999999997 3.543999999999997 3.543999999999997 3.543999999999997 3.543999999999997 3.543999999999997 3.543999999999997 3.543999999999997 3.543999999999997 2.7719999999999985 1.0 0.0 0.0 0.0 0.0 0.0 0.0 0.0 0.0 0.0 0.0 0.0 0.0 0.0 0.0 0.0 0.0 0.0 0.0 0.0 
0.0 0.0 0.0 0.0 0.0 0.0 0.0 0.0 0.0 0.0 0.0 0.0 0.0 0.0 0.0 0.0 0.0 0.7719999999999985 2.543999999999997 3.543999999999997 3.543999999999997 3.543999999999997 3.543999999999997 3.543999999999997 3.543999999999997 3.543999999999997 3.543999999999997 3.543999999999997 3.543999999999997 3.543999999999997 3.543999999999997 3.543999999999997 3.543999999999997 3.543999999999997 3.543999999999997 3.543999999999997 3.543999999999997 3.543999999999997 3.543999999999997 3.543999999999997 3.543999999999997 3.543999999999997 3.543999999999997 2.7719999999999985 1.0 0.0 0.0 0.0 0.0 0.0 0.0 0.0 0.0 0.0 0.0 0.0 0.0 0.0 0.0 0.0 0.0 0.0 0.0 0.0 
0.0 0.0 0.0 0.0 0.0 0.0 0.0 0.0 0.0 0.0 0.0 0.0 0.0 0.0 0.0 0.0 0.0 0.7719999999999985 2.543999999999997 3.543999999999997 3.543999999999997 3.543999999999997 3.543999999999997 3.543999999999997 3.543999999999997 3.543999999999997 3.543999999999997 3.543999999999997 3.543999999999997 3.543999999999997 3.543999999999997 3.543999999999997 3.543999999999997 3.543999999999997 3.543999999999997 3.543999999999997 3.543999999999997 3.543999999999997 3.543999999999997 3.543999999999997 3.543999999999997 3.543999999999997 3.543999999999997 2.7719999999999985 1.0 0.0 0.0 0.0 0.0 0.0 0.0 0.0 0.0 0.0 0.0 0.0 0.0 0.0 0.0 0.0 0.0 0.0 0.0 0.0 
0.0 0.0 0.0 0.0 0.0 0.0 0.0 0.0 0.0 0.0 0.0 0.0 0.0 0.0 0.0 0.0 0.0 0.7719999999999985 2.543999999999997 3.543999999999997 3.543999999999997 3.543999999999997 3.543999999999997 3.543999999999997 3.543999999999997 3.543999999999997 3.543999999999997 3.543999999999997 3.543999999999997 3.543999999999997 3.543999999999997 3.543999999999997 3.543999999999997 3.543999999999997 3.543999999999997 3.543999999999997 3.543999999999997 3.543999999999997 3.543999999999997 3.543999999999997 3.543999999999997 3.543999999999997 3.543999999999997 2.7719999999999985 1.0 0.0 0.0 0.0 0.0 0.0 0.0 0.0 0.0 0.0 0.0 0.0 0.0 0.0 0.0 0.0 0.0 0.0 0.0 0.0 
0.0 0.0 0.0 0.0 0.0 0.0 0.0 0.0 0.0 0.0 0.0 0.0 0.0 0.0 0.0 0.0 0.0 0.7719999999999985 2.543999999999997 3.543999999999997 3.543999999999997 3.543999999999997 3.543999999999997 3.543999999999997 3.543999999999997 3.543999999999997 3.543999999999997 3.543999999999997 3.543999999999997 3.543999999999997 3.543999999999997 3.543999999999997 3.543999999999997 3.543999999999997 3.543999999999997 3.543999999999997 3.543999999999997 3.543999999999997 3.543999999999997 3.543999999999997 3.543999999999997 3.543999999999997 3.543999999999997 2.7719999999999985 1.0 0.0 0.0 0.0 0.0 0.0 0.0 0.0 0.0 0.0 0.0 0.0 0.0 0.0 0.0 0.0 0.0 0.0 0.0 0.0 
0.0 0.0 0.0 0.0 0.0 0.0 0.0 0.0 0.0 0.0 0.0 0.0 0.0 0.0 0.0 0.0 0.0 0.7719999999999985 2.543999999999997 3.543999999999997 3.543999999999997 3.543999999999997 3.543999999999997 3.543999999999997 3.543999999999997 3.543999999999997 3.543999999999997 3.543999999999997 3.543999999999997 3.543999999999997 3.543999999999997 3.543999999999997 3.543999999999997 3.543999999999997 3.543999999999997 3.543999999999997 3.543999999999997 3.543999999999997 3.543999999999997 3.543999999999997 3.543999999999997 3.543999999999997 3.543999999999997 2.7719999999999985 1.0 0.0 0.0 0.0 0.0 0.0 0.0 0.0 0.0 0.0 0.0 0.0 0.0 0.0 0.0 0.0 0.0 0.0 0.0 0.0 
0.0 0.0 0.0 0.0 0.0 0.0 0.0 0.0 0.0 0.0 0.0 0.0 0.0 0.0 0.0 0.0 0.0 0.7719999999999985 2.543999999999997 3.543999999999997 3.543999999999997 3.543999999999997 3.543999999999997 3.543999999999997 3.543999999999997 3.543999999999997 3.543999999999997 3.543999999999997 3.543999999999997 3.543999999999997 3.543999999999997 3.543999999999997 3.543999999999997 3.543999999999997 3.543999999999997 3.543999999999997 3.543999999999997 3.543999999999997 3.543999999999997 3.543999999999997 3.543999999999997 3.543999999999997 3.543999999999997 2.7719999999999985 1.0 0.0 0.0 0.0 0.0 0.0 0.0 0.0 0.0 0.0 0.0 0.0 0.0 0.0 0.0 0.0 0.0 0.0 0.0 0.0 
0.0 0.0 0.0 0.0 0.0 0.0 0.0 0.0 0.0 0.0 0.0 0.0 0.0 0.0 0.0 0.0 0.0 0.7719999999999985 2.543999999999997 3.543999999999997 3.543999999999997 3.543999999999997 3.543999999999997 3.543999999999997 3.543999999999997 3.543999999999997 3.543999999999997 3.543999999999997 3.543999999999997 3.543999999999997 3.543999999999997 3.543999999999997 3.543999999999997 3.543999999999997 3.543999999999997 3.543999999999997 3.543999999999997 3.543999999999997 3.543999999999997 3.543999999999997 3.543999999999997 3.543999999999997 3.543999999999997 2.7719999999999985 1.0 0.0 0.0 0.0 0.0 0.0 0.0 0.0 0.0 0.0 0.0 0.0 0.0 0.0 0.0 0.0 0.0 0.0 0.0 0.0 
0.0 0.0 0.0 0.0 0.0 0.0 0.0 0.0 0.0 0.0 0.0 0.0 0.0 0.0 0.0 0.0 0.0 0.7719999999999985 2.543999999999997 3.543999999999997 3.543999999999997 3.543999999999997 3.543999999999997 3.543999999999997 3.543999999999997 3.543999999999997 3.543999999999997 3.543999999999997 3.543999999999997 3.543999999999997 3.543999999999997 3.543999999999997 3.543999999999997 3.543999999999997 3.543999999999997 3.543999999999997 3.543999999999997 3.543999999999997 3.543999999999997 3.543999999999997 3.543999999999997 3.543999999999997 3.543999999999997 2.7719999999999985 1.0 0.0 0.0 0.0 0.0 0.0 0.0 0.0 0.0 0.0 0.0 0.0 0.0 0.0 0.0 0.0 0.0 0.0 0.0 0.0 
0.0 0.0 0.0 0.0 0.0 0.0 0.0 0.0 0.0 0.0 0.0 0.0 0.0 0.0 0.0 0.0 0.0 0.7719999999999985 2.543999999999997 3.543999999999997 3.543999999999997 3.543999999999997 3.543999999999997 3.543999999999997 3.543999999999997 3.543999999999997 3.543999999999997 3.543999999999997 3.543999999999997 3.543999999999997 3.543999999999997 3.543999999999997 3.543999999999997 3.543999999999997 3.543999999999997 3.543999999999997 3.543999999999997 3.543999999999997 3.543999999999997 3.543999999999997 3.543999999999997 3.543999999999997 3.543999999999997 2.7719999999999985 1.0 0.0 0.0 0.0 0.0 0.0 0.0 0.0 0.0 0.0 0.0 0.0 0.0 0.0 0.0 0.0 0.0 0.0 0.0 0.0 
0.0 0.0 0.0 0.0 0.0 0.0 0.0 0.0 0.0 0.0 0.0 0.0 0.0 0.0 0.0 0.0 0.0 0.7719999999999985 2.543999999999997 3.543999999999997 3.543999999999997 3.543999999999997 3.543999999999997 3.543999999999997 3.543999999999997 3.543999999999997 3.543999999999997 3.543999999999997 3.543999999999997 3.543999999999997 3.543999999999997 3.543999999999997 3.543999999999997 3.543999999999997 3.543999999999997 3.543999999999997 3.543999999999997 3.543999999999997 3.543999999999997 3.543999999999997 3.543999999999997 3.543999999999997 3.543999999999997 2.7719999999999985 1.0 0.0 0.0 0.0 0.0 0.0 0.0 0.0 0.0 0.0 0.0 0.0 0.0 0.0 0.0 0.0 0.0 0.0 0.0 0.0 
0.0 0.0 0.0 0.0 0.0 0.0 0.0 0.0 0.0 0.0 0.0 0.0 0.0 0.0 0.0 0.0 0.0 0.7719999999999985 2.543999999999997 3.543999999999997 3.543999999999997 3.543999999999997 3.543999999999997 3.543999999999997 3.543999999999997 3.543999999999997 3.543999999999997 3.543999999999997 3.543999999999997 3.543999999999997 3.543999999999997 3.543999999999997 3.543999999999997 3.543999999999997 3.543999999999997 3.543999999999997 3.543999999999997 3.543999999999997 3.543999999999997 3.543999999999997 3.543999999999997 3.543999999999997 3.543999999999997 2.7719999999999985 1.0 0.0 0.0 0.0 0.0 0.0 0.0 0.0 0.0 0.0 0.0 0.0 0.0 0.0 0.0 0.0 0.0 0.0 0.0 0.0 
0.0 0.0 0.0 0.0 0.0 0.0 0.0 0.0 0.0 0.0 0.0 0.0 0.0 0.0 0.0 0.0 0.0 0.38599999999999923 1.3859999999999992 2.0 2.0 2.0 2.0 2.0 2.0 2.0 2.0 2.0 2.0 2.0 2.0 2.0 2.0 2.0 2.0 2.0 2.0 2.0 2.0 2.0 2.0 2.0 2.0 1.6140000000000008 0.6140000000000008 0.0 0.0 0.0 0.0 0.0 0.0 0.0 0.0 0.0 0.0 0.0 0.0 0.0 0.0 0.0 0.0 0.0 0.0 0.0 
0.0 0.0 0.0 0.0 0.0 0.0 0.0 0.0 0.0 0.0 0.0 0.0 0.0 0.0 0.0 0.0 0.0 0.0 0.11400000000000077 0.22800000000000153 0.22800000000000153 0.22800000000000153 0.22800000000000153 0.22800000000000153 0.22800000000000153 0.22800000000000153 0.22800000000000153 0.22800000000000153 0.22800000000000153 0.22800000000000153 0.22800000000000153 0.22800000000000153 0.22800000000000153 0.22800000000000153 0.22800000000000153 0.22800000000000153 0.22800000000000153 0.22800000000000153 0.22800000000000153 0.22800000000000153 0.22800000000000153 0.22800000000000153 0.22800000000000153 0.22800000000000153 0.11400000000000077 0.0 0.0 0.0 0.0 0.0 0.0 0.0 0.0 0.0 0.0 0.0 0.0 0.0 0.0 0.0 0.0 0.0 0.0 0.0 
0.0 0.0 0.0 0.0 0.0 0.0 0.0 0.0 0.0 0.0 0.0 0.0 0.0 0.0 0.0 0.0 0.0 0.0 0.0 0.0 0.0 0.0 0.0 0.0 0.0 0.0 0.0 0.0 0.0 0.0 0.0 0.0 0.0 0.0 0.0 0.0 0.0 0.0 0.0 0.0 0.0 0.0 0.0 0.0 0.0 0.0 0.0 0.0 0.0 0.0 0.0 0.0 0.0 0.0 0.0 0.0 0.0 0.0 0.0 0.0 0.0 0.0 0.0 0.0 
0.0 0.0 0.0 0.0 0.0 0.0 0.0 0.0 0.0 0.0 0.0 0.0 0.0 0.0 0.0 0.0 0.0 0.0 0.0 0.0 0.0 0.0 0.0 0.0 0.0 0.0 0.0 0.0 0.0 0.0 0.0 0.0 0.0 0.0 0.0 0.0 0.0 0.0 0.0 0.0 0.0 0.0 0.0 0.0 0.0 0.0 0.0 0.0 0.0 0.0 0.0 0.0 0.0 0.0 0.0 0.0 0.0 0.0 0.0 0.0 0.0 0.0 0.0 0.0 
0.0 0.0 0.0 0.0 0.0 0.0 0.0 0.0 0.0 0.0 0.0 0.0 0.0 0.0 0.0 0.0 0.0 0.0 0.0 0.0 0.0 0.0 0.0 0.0 0.0 0.0 0.0 0.0 0.0 0.0 0.0 0.0 0.0 0.0 0.0 0.0 0.0 0.0 0.0 0.0 0.0 0.0 0.0 0.0 0.0 0.0 0.0 0.0 0.0 0.0 0.0 0.0 0.0 0.0 0.0 0.0 0.0 0.0 0.0 0.0 0.0 0.0 0.0 0.0 
0.0 0.0 0.0 0.0 0.0 0.0 0.0 0.0 0.0 0.0 0.0 0.0 0.0 0.0 0.0 0.0 0.0 0.0 0.0 0.0 0.0 0.0 0.0 0.0 0.0 0.0 0.0 0.0 0.0 0.0 0.0 0.0 0.0 0.0 0.0 0.0 0.0 0.0 0.0 0.0 0.0 0.0 0.0 0.0 0.0 0.0 0.0 0.0 0.0 0.0 0.0 0.0 0.0 0.0 0.0 0.0 0.0 0.0 0.0 0.0 0.0 0.0 0.0 0.0 
0.0 0.0 0.0 0.0 0.0 0.0 0.0 0.0 0.0 0.0 0.0 0.0 0.0 0.0 0.0 0.0 0.0 0.0 0.0 0.0 0.0 0.0 0.0 0.0 0.0 0.0 0.0 0.0 0.0 0.0 0.0 0.0 0.0 0.0 0.0 0.0 0.0 0.0 0.0 0.0 0.0 0.0 0.0 0.0 0.0 0.0 0.0 0.0 0.0 0.0 0.0 0.0 0.0 0.0 0.0 0.0 0.0 0.0 0.0 0.0 0.0 0.0 0.0 0.0 
0.0 0.0 0.0 0.0 0.0 0.0 0.0 0.0 0.0 0.0 0.0 0.0 0.0 0.0 0.0 0.0 0.0 0.0 0.0 0.0 0.0 0.0 0.0 0.0 0.0 0.0 0.0 0.0 0.0 0.0 0.0 0.0 0.0 0.0 0.0 0.0 0.0 0.0 0.0 0.0 0.0 0.0 0.0 0.0 0.0 0.0 0.0 0.0 0.0 0.0 0.0 0.0 0.0 0.0 0.0 0.0 0.0 0.0 0.0 0.0 0.0 0.0 0.0 0.0 
0.0 0.0 0.0 0.0 0.0 0.0 0.0 0.0 0.0 0.0 0.0 0.0 0.0 0.0 0.0 0.0 0.0 0.0 0.0 0.0 0.0 0.0 0.0 0.0 0.0 0.0 0.0 0.0 0.0 0.0 0.0 0.0 0.0 0.0 0.0 0.0 0.0 0.0 0.0 0.0 0.0 0.0 0.0 0.0 0.0 0.0 0.0 0.0 0.0 0.0 0.0 0.0 0.0 0.0 0.0 0.0 0.0 0.0 0.0 0.0 0.0 0.0 0.0 0.0 
0.0 0.0 0.0 0.0 0.0 0.0 0.0 0.0 0.0 0.0 0.0 0.0 0.0 0.0 0.0 0.0 0.0 0.0 0.0 0.0 0.0 0.0 0.0 0.0 0.0 0.0 0.0 0.0 0.0 0.0 0.0 0.0 0.0 0.0 0.0 0.0 0.0 0.0 0.0 0.0 0.0 0.0 0.0 0.0 0.0 0.0 0.0 0.0 0.0 0.0 0.0 0.0 0.0 0.0 0.0 0.0 0.0 0.0 0.0 0.0 0.0 0.0 0.0 0.0 
0.0 0.0 0.0 0.0 0.0 0.0 0.0 0.0 0.0 0.0 0.0 0.0 0.0 0.0 0.0 0.0 0.0 0.0 0.0 0.0 0.0 0.0 0.0 0.0 0.0 0.0 0.0 0.0 0.0 0.0 0.0 0.0 0.0 0.0 0.0 0.0 0.0 0.0 0.0 0.0 0.0 0.0 0.0 0.0 0.0 0.0 0.0 0.0 0.0 0.0 0.0 0.0 0.0 0.0 0.0 0.0 0.0 0.0 0.0 0.0 0.0 0.0 0.0 0.0 
0.0 0.0 0.0 0.0 0.0 0.0 0.0 0.0 0.0 0.0 0.0 0.0 0.0 0.0 0.0 0.0 0.0 0.0 0.0 0.0 0.0 0.0 0.0 0.0 0.0 0.0 0.0 0.0 0.0 0.0 0.0 0.0 0.0 0.0 0.0 0.0 0.0 0.0 0.0 0.0 0.0 0.0 0.0 0.0 0.0 0.0 0.0 0.0 0.0 0.0 0.0 0.0 0.0 0.0 0.0 0.0 0.0 0.0 0.0 0.0 0.0 0.0 0.0 0.0 
0.0 0.0 0.0 0.0 0.0 0.0 0.0 0.0 0.0 0.0 0.0 0.0 0.0 0.0 0.0 0.0 0.0 0.0 0.0 0.0 0.0 0.0 0.0 0.0 0.0 0.0 0.0 0.0 0.0 0.0 0.0 0.0 0.0 0.0 0.0 0.0 0.0 0.0 0.0 0.0 0.0 0.0 0.0 0.0 0.0 0.0 0.0 0.0 0.0 0.0 0.0 0.0 0.0 0.0 0.0 0.0 0.0 0.0 0.0 0.0 0.0 0.0 0.0 0.0 
0.0 0.0 0.0 0.0 0.0 0.0 0.0 0.0 0.0 0.0 0.0 0.0 0.0 0.0 0.0 0.0 0.0 0.0 0.0 0.0 0.0 0.0 0.0 0.0 0.0 0.0 0.0 0.0 0.0 0.0 0.0 0.0 0.0 0.0 0.0 0.0 0.0 0.0 0.0 0.0 0.0 0.0 0.0 0.0 0.0 0.0 0.0 0.0 0.0 0.0 0.0 0.0 0.0 0.0 0.0 0.0 0.0 0.0 0.0 0.0 0.0 0.0 0.0 0.0 
