0.0 0.0 0.0 0.0 0.0 0.0 0.0 0.0 0.0 0.0 0.0 0.0 0.0 0.0 0.0 0.0 0.0 0.0 0.0 0.0 0.0 0.0 0.0 0.0 0.0 0.0 0.0 0.0 0.0 0.0 0.0 0.0 0.0 0.0 0.0 0.0 0.0 0.0 0.0 0.0 0.0 0.0 0.0 0.0 0.0 0.0 0.0 0.0 0.0 0.0 0.0 0.0 0.0 0.0 0.0 0.0 0.0 0.0 0.0 0.0 0.0 0.0 0.0 0.0 
0.0 0.0 0.0 0.0 0.0 0.0 0.0 0.0 0.0 0.0 0.0 0.0 0.0 0.0 0.0 0.0 0.0 0.0 0.0 0.0 0.0 0.0 0.0 0.0 0.0 0.0 0.0 0.0 0.0 0.0 0.0 0.0 0.0 0.0 0.0 0.0 0.0 0.0 0.0 0.0 0.0 0.0 0.0 0.0 0.0 0.0 0.0 0.0 0.0 0.0 0.0 0.0 0.0 0.0 0.0 0.0 0.0 0.0 0.0 0.0 0.0 0.0 0.0 0.0 
0.0 0.0 0.0 0.0 0.0 0.0 0.0 0.0 0.0 0.0 0.0 0.0 0.0 0.0 0.0 0.0 0.0 0.0 0.0 0.0 0.0 0.0 0.0 0.0 0.0 0.0 0.0 0.0 0.0 0.0 0.0 0.0 0.0 0.0 0.0 0.0 0.0 0.0 0.0 0.0 0.0 0.0 0.0 0.0 0.0 0.0 0.0 0.0 0.0 0.0 0.0 0.0 0.0 0.0 0.0 0.0 0.0 0.0 0.0 0.0 0.0 0.0 0.0 0.0 
0.0 0.0 0.0 0.0 0.0 0.0 0.0 0.0 0.0 0.0 0.0 0.0 0.0 0.0 0.0 0.0 0.0 0.0 0.0 0.0 0.0 0.0 0.0 0.0 0.0 0.0 0.0 0.0 0.0 0.0 0.0 0.0 0.0 0.0 0.0 0.0 0.0 0.0 0.0 0.0 0.0 0.0 0.0 0.0 0.0 0.0 0.0 0.0 0.0 0.0 0.0 0.0 0.0 0.0 0.0 0.0 0.0 0.0 0.0 0.0 0.0 0.0 0.0 0.0 
0.0 0.0 0.0 0.0 0.0 0.0 0.0 0.0 0.0 0.0 0.0 0.0 0.0 0.0 0.0 0.0 0.0 0.0 0.0 0.0 0.0 0.0 0.0 0.0 0.0 0.0 0.0 0.0 0.0 0.0 0.0 0.0 0.0 0.0 0.0 0.0 0.0 0.0 0.0 0.0 0.0 0.0 0.0 0.0 0.0 0.0 0.0 0.0 0.0 0.0 0.0 0.0 0.0 0.0 0.0 0.0 0.0 0.0 0.0 0.0 0.0 0.0 0.0 0.0 
0.0 0.0 0.0 0.0 0.0 0.0 0.0 0.0 0.0 0.0 0.0 0.0 0.0 0.0 0.0 0.0 0.0 0.0 0.0 0.0 0.0 0.0 0.0 0.0 0.0 0.0 0.0 0.0 0.0 0.0 0.0 0.0 0.0 0.0 0.0 0.0 0.0 0.0 0.0 0.0 0.0 0.0 0.0 0.0 0.0 0.0 0.0 0.0 0.0 0.0 0.0 0.0 0.0 0.0 0.0 0.0 0.0 0.0 0.0 0.0 0.0 0.0 0.0 0.0 
0.0 0.0 0.0 0.0 0.0 0.0 0.0 0.0 0.0 0.0 0.0 0.0 0.0 0.0 0.0 0.0 0.0 0.0 0.0 0.0 0.0 0.0 0.0 0.0 0.0 0.0 0.0 0.0 0.0 0.0 0.0 0.0 0.0 0.0 0.0 0.0 0.0 0.0 0.0 0.0 0.0 0.0 0.0 0.0 0.0 0.0 0.0 0.0 0.0 0.0 0.0 0.0 0.0 0.0 0.0 0.0 0.0 0.0 0.0 0.0 0.0 0.0 0.0 0.0 
0.0 0.0 0.0 0.0 0.0 0.0 0.0 0.0 0.0 0.0 0.0 0.0 0.0 0.0 0.0 0.0 0.0 0.0 0.0 0.0 0.0 0.0 0.0 0.0 0.0 0.0 0.0 0.0 0.0 0.0 0.0 0.0 0.0 0.0 0.0 0.0 0.0 0.0 0.0 0.0 0.0 0.0 0.0 0.0 0.0 0.0 0.0 0.0 0.0 0.0 0.0 0.0 0.0 0.0 0.0 0.0 0.0 0.0 0.0 0.0 0.0 0.0 0.0 0.0 
0.0 0.0 0.0 0.0 0.0 0.0 0.0 0.0 0.0 0.0 0.0 0.0 0.0 0.0 0.0 0.0 0.0 0.0 0.0 0.0 0.0 0.0 0.0 0.0 0.0 0.0 0.0 0.0 0.0 0.0 0.0 0.0 0.0 0.0 0.0 0.0 0.0 0.0 0.0 0.0 0.0 0.0 0.0 0.0 0.0 0.0 0.0 0.0 0.0 0.0 0.0 0.0 0.0 0.0 0.0 0.0 0.0 0.0 0.0 0.0 0.0 0.0 0.0 0.0 
0.0 0.0 0.0 0.0 0.0 0.0 0.0 0.0 0.0 0.0 0.0 0.0 0.0 0.0 0.0 0.0 0.0 0.0 0.0 0.0 0.0 0.0 0.0 0.0 0.0 0.0 0.0 0.0 0.0 0.0 0.0 0.0 0.0 0.0 0.0 0.0 0.0 0.0 0.0 0.0 0.0 0.0 0.0 0.0 0.0 0.0 0.0 0.0 0.0 0.0 0.0 0.0 0.0 0.0 0.0 0.0 0.0 0.0 0.0 0.0 0.0 0.0 0.0 0.0 
0.0 0.0 0.0 0.0 0.0 0.0 0.0 0.0 0.0 0.0 0.0 0.0 0.0 0.0 0.0 0.0 0.0 0.0 0.0 0.0 0.0 0.0 0.0 0.0 0.0 0.0 0.0 0.0 0.0 0.0 0.0 0.0 0.0 0.0 0.0 0.0 0.0 0.0 0.0 0.0 0.0 0.0 0.0 0.0 0.0 0.0 0.0 0.0 0.0 0.0 0.0 0.0 0.0 0.0 0.0 0.0 0.0 0.0 0.0 0.0 0.0 0.0 0.0 0.0 
0.0 0.0 0.0 0.0 0.0 0.0 0.0 0.0 0.0 0.0 0.0 0.0 0.0 0.0 0.0 0.0 0.0 0.0 0.0 0.0 0.0 0.0 0.0 0.0 0.0 0.0 0.0 0.0 0.0 0.0 0.0 0.0 0.0 0.0 0.0 0.0 0.0 0.0 0.0 0.0 0.0 0.0 0.0 0.0 0.0 0.0 0.0 0.0 0.0 0.0 0.0 0.0 0.0 0.0 0.0 0.0 0.0 0.0 0.0 0.0 0.0 0.0 0.0 0.0 
0.0 0.0 0.0 0.0 0.0 0.0 0.0 0.0 0.0 0.0 0.0 0.0 0.0 0.0 0.0 0.0 0.0 0.0 0.0 0.0 0.0 0.0 0.0 0.0 0.0 0.0 0.0 0.0 0.0 0.0 0.0 0.0 0.0 0.0 0.0 0.0 0.0 0.0 0.0 0.0 0.0 0.0 0.0 0.0 0.0 0.0 0.0 0.0 0.0 0.0 0.0 0.0 0.0 0.0 0.0 0.0 0.0 0.0 0.0 0.0 0.0 0.0 0.0 0.0 
0.0 0.0 0.0 0.0 0.0 0.0 0.0 0.0 0.0 0.0 0.0 0.0 0.0 0.0 0.0 0.0 0.0 0.0 0.0 0.0 0.0 0.0 0.0 0.0 0.0 0.0 0.0 0.0 0.0 0.0 0.0 0.0 0.0 0.0 0.0 0.0 0.0 0.0 0.0 0.0 0.0 0.0 0.0 0.0 0.0 0.0 0.0 0.0 0.0 0.0 0.0 0.0 0.0 0.0 0.0 0.0 0.0 0.0 0.0 0.0 0.0 0.0 0.0 0.0 
0.0 0.0 0.0 0.0 0.0 0.0 0.0 0.0 0.0 0.0 0.0 0.0 0.0 0.0 0.0 0.0 0.0 0.0 0.0 0.0 0.0 0.0 0.0 0.0 0.0 0.0 0.0 0.0 0.0 0.0 0.0 0.0 0.0 0.0 0.0 0.0 0.0 0.0 0.0 0.0 0.0 0.0 0.0 0.0 0.0 0.0 0.0 0.0 0.0 0.0 0.0 0.0 0.0 0.0 0.0 0.0 0.0 0.0 0.0 0.0 0.0 0.0 0.0 0.0 
0.0 0.0 0.0 0.0 0.0 0.0 0.0 0.0 0.0 0.0 0.0 0.0 0.0 0.0 0.0 0.0 0.0 0.0 0.0 0.0 0.0 0.0 0.0 0.0 0.0 0.0 0.0 0.0 0.0 0.0 0.0 0.0 0.0 0.0 0.0 0.0 0.0 0.0 0.0 0.0 0.0 0.0 0.0 0.0 0.0 0.0 0.0 0.0 0.0 0.0 0.0 0.0 0.0 0.0 0.0 0.0 0.0 0.0 0.0 0.0 0.0 0.0 0.0 0.0 
0.0 0.0 0.0 0.0 0.0 0.0 0.0 0.0 0.0 0.0 0.0 0.0 0.0 0.0 0.0 0.0 0.0 0.0 0.04466666666666619 0.08933333333333238 0.08933333333333238 0.08933333333333238 0.08933333333333238 0.08933333333333238 0.08933333333333238 0.08933333333333238 0.08933333333333238 0.08933333333333238 0.08933333333333238 0.08933333333333238 0.08933333333333238 0.08933333333333238 0.08933333333333238 0.08933333333333238 0.08933333333333238 0.08933333333333238 0.08933333333333238 0.08933333333333238 0.08933333333333238 0.08933333333333238 0.08933333333333238 0.08933333333333238 0.08933333333333238 0.08933333333333238 0.04466666666666441 0.0 0.0 0.0 0.0 0.0 0.0 0.0 0.0 0.0 0.0 0.0 0.0 0.0 0.0 0.0 0.0 0.0 0.0 0.0 
0.0 0.0 0.0 0.0 0.0 0.0 0.0 0.0 0.0 0.0 0.0 0.0 0.0 0.0 0.0 0.0 0.0 0.4553333333333338 1.4553333333333338 1.999999999999993 2.0 1.999999999999993 2.0 2.0 2.0 2.0 2.0 2.0 2.0 2.0 2.0 2.0 2.0 2.0 2.0 2.0 2.0 2.0 2.0 2.0 2.0 1.999999999999993 1.999999999999993 1.544666666666668 0.5446666666666644 0.0 0.0 0.0 0.0 0.0 0.0 0.0 0.0 0.0 0.0 0.0 0.0 0.0 0.0 0.0 0.0 0.0 0.0 0.0 
0.0 0.0 0.0 0.0 0.0 0.0 0.0 0.0 0.0 0.0 0.0 0.0 0.0 0.0 0.0 0.0 0.0 0.9106666666666676 2.8213333333333424 3.8213333333333424 3.8213333333333352 3.8213333333333352 3.821333333333328 3.821333333333328 3.821333333333328 3.821333333333328 3.821333333333328 3.821333333333328 3.821333333333328 3.821333333333328 3.821333333333328 3.821333333333328 3.821333333333328 3.821333333333328 3.821333333333328 3.821333333333328 3.821333333333328 3.821333333333328 3.821333333333328 3.821333333333328 3.8213333333333352 3.8213333333333424 3.8213333333333352 2.910666666666664 1.0 0.0 0.0 0.0 0.0 0.0 0.0 0.0 0.0 0.0 0.0 0.0 0.0 0.0 0.0 0.0 0.0 0.0 0.0 0.0 
0.0 0.0 0.0 0.0 0.0 0.0 0.0 0.0 0.0 0.0 0.0 0.0 0.0 0.0 0.0 0.0 0.0 0.9106666666666676 2.8213333333333317 3.8213333333333352 3.8213333333333424 3.8213333333333424 3.8213333333333424 3.8213333333333424 3.8213333333333424 3.8213333333333424 3.8213333333333424 3.8213333333333424 3.8213333333333424 3.8213333333333424 3.8213333333333424 3.8213333333333424 3.8213333333333424 3.8213333333333424 3.8213333333333424 3.8213333333333424 3.8213333333333424 3.8213333333333424 3.8213333333333424 3.8213333333333424 3.8213333333333424 3.8213333333333424 3.8213333333333424 2.910666666666671 1.0 0.0 0.0 0.0 0.0 0.0 0.0 0.0 0.0 0.0 0.0 0.0 0.0 0.0 0.0 0.0 0.0 0.0 0.0 0.0 
0.0 0.0 0.0 0.0 0.0 0.0 0.0 0.0 0.0 0.0 0.0 0.0 0.0 0.0 0.0 0.0 0.0 0.9106666666666712 2.8213333333333424 3.8213333333333424 3.8213333333333424 3.8213333333333424 3.8213333333333424 3.8213333333333424 3.8213333333333424 3.8213333333333424 3.8213333333333424 3.8213333333333424 3.8213333333333424 3.8213333333333424 3.8213333333333424 3.8213333333333424 3.8213333333333424 3.8213333333333424 3.8213333333333424 3.8213333333333424 3.8213333333333424 3.8213333333333424 3.8213333333333424 3.8213333333333424 3.8213333333333424 3.8213333333333424 3.8213333333333424 2.910666666666671 1.0 0.0 0.0 0.0 0.0 0.0 0.0 0.0 0.0 0.0 0.0 0.0 0.0 0.0 0.0 0.0 0.0 0.0 0.0 0.0 
0.0 0.0 0.0 0.0 0.0 0.0 0.0 0.0 0.0 0.0 0.0 0.0 0.0 0.0 0.0 0.0 0.0 0.9106666666666712 2.8213333333333424 3.8213333333333424 3.8213333333333424 3.8213333333333424 3.8213333333333424 3.8213333333333424 3.8213333333333424 3.8213333333333424 3.8213333333333424 3.8213333333333424 3.8213333333333424 3.8213333333333424 3.8213333333333424 3.8213333333333424 3.8213333333333424 3.8213333333333424 3.8213333333333424 3.8213333333333424 3.8213333333333424 3.8213333333333424 3.8213333333333424 3.8213333333333424 3.8213333333333424 3.8213333333333424 3.8213333333333424 2.910666666666671 1.0 0.0 0.0 0.0 0.0 0.0 0.0 0.0 0.0 0.0 0.0 0.0 0.0 0.0 0.0 0.0 0.0 0.0 0.0 0.0 
0.0 0.0 0.0 0.0 0.0 0.0 0.0 0.0 0.0 0.0 0.0 0.0 0.0 0.0 0.0 0.0 0.0 0.9106666666666712 2.821333333333346 3.8213333333333495 3.8213333333333495 3.8213333333333495 3.8213333333333495 3.8213333333333495 3.8213333333333495 3.8213333333333495 3.8213333333333495 3.8213333333333495 3.8213333333333495 3.8213333333333495 3.8213333333333495 3.8213333333333495 3.8213333333333495 3.8213333333333495 3.8213333333333495 3.8213333333333495 3.8213333333333495 3.8213333333333495 3.8213333333333495 3.8213333333333495 3.8213333333333495 3.8213333333333495 3.8213333333333495 2.9106666666666783 1.0000000000000036 0.0 0.0 0.0 0.0 0.0 0.0 0.0 0.0 0.0 0.0 0.0 0.0 0.0 0.0 0.0 0.0 0.0 0.0 0.0 
0.0 0.0 0.0 0.0 0.0 0.0 0.0 0.0 0.0 0.0 0.0 0.0 0.0 0.0 0.0 0.0 0.0 0.9106666666666676 2.8213333333333352 3.8213333333333352 3.821333333333328 3.821333333333328 3.8213333333333352 3.8213333333333352 3.8213333333333352 3.8213333333333352 3.8213333333333352 3.8213333333333352 3.8213333333333352 3.8213333333333352 3.8213333333333352 3.8213333333333352 3.8213333333333352 3.8213333333333352 3.8213333333333352 3.8213333333333352 3.8213333333333352 3.8213333333333352 3.8213333333333352 3.8213333333333352 3.8213333333333352 3.8213333333333352 3.8213333333333352 2.9106666666666605 1.0 0.0 0.0 0.0 0.0 0.0 0.0 0.0 0.0 0.0 0.0 0.0 0.0 0.0 0.0 0.0 0.0 0.0 0.0 0.0 
0.0 0.0 0.0 0.0 0.0 0.0 0.0 0.0 0.0 0.0 0.0 0.0 0.0 0.0 0.0 0.0 0.0 0.9106666666666676 2.8213333333333352 3.8213333333333424 3.8213333333333495 3.8213333333333352 3.8213333333333352 3.8213333333333352 3.8213333333333352 3.8213333333333352 3.8213333333333352 3.8213333333333352 3.8213333333333352 3.8213333333333352 3.8213333333333352 3.8213333333333352 3.8213333333333352 3.8213333333333352 3.8213333333333352 3.8213333333333352 3.8213333333333352 3.8213333333333352 3.8213333333333352 3.8213333333333352 3.8213333333333352 3.8213333333333352 3.8213333333333424 2.9106666666666747 1.0 0.0 0.0 0.0 0.0 0.0 0.0 0.0 0.0 0.0 0.0 0.0 0.0 0.0 0.0 0.0 0.0 0.0 0.0 0.0 
0.0 0.0 0.0 0.0 0.0 0.0 0.0 0.0 0.0 0.0 0.0 0.0 0.0 0.0 0.0 0.0 0.0 0.9106666666666676 2.8213333333333317 3.821333333333328 3.8213333333333352 3.8213333333333352 3.821333333333328 3.821333333333328 3.821333333333328 3.821333333333328 3.821333333333328 3.821333333333328 3.821333333333328 3.821333333333328 3.821333333333328 3.821333333333328 3.821333333333328 3.821333333333328 3.821333333333328 3.821333333333328 3.821333333333328 3.821333333333328 3.821333333333328 3.821333333333328 3.821333333333328 3.821333333333328 3.821333333333328 2.9106666666666605 0.9999999999999964 0.0 0.0 0.0 0.0 0.0 0.0 0.0 0.0 0.0 0.0 0.0 0.0 0.0 0.0 0.0 0.0 0.0 0.0 0.0 
0.0 0.0 0.0 0.0 0.0 0.0 0.0 0.0 0.0 0.0 0.0 0.0 0.0 0.0 0.0 0.0 0.0 0.9106666666666712 2.8213333333333424 3.8213333333333424 3.8213333333333424 3.8213333333333424 3.8213333333333424 3.8213333333333424 3.8213333333333424 3.8213333333333424 3.8213333333333424 3.8213333333333424 3.8213333333333424 3.8213333333333424 3.8213333333333424 3.8213333333333424 3.8213333333333424 3.8213333333333424 3.8213333333333424 3.8213333333333424 3.8213333333333424 3.8213333333333424 3.8213333333333424 3.8213333333333424 3.8213333333333424 3.8213333333333424 3.8213333333333424 2.910666666666671 1.0 0.0 0.0 0.0 0.0 0.0 0.0 0.0 0.0 0.0 0.0 0.0 0.0 0.0 0.0 0.0 0.0 0.0 0.0 0.0 
0.0 0.0 0.0 0.0 0.0 0.0 0.0 0.0 0.0 0.0 0.0 0.0 0.0 0.0 0.0 0.0 0.0 0.9106666666666712 2.821333333333346 3.8213333333333495 3.8213333333333495 3.8213333333333495 3.8213333333333495 3.8213333333333495 3.8213333333333495 3.8213333333333495 3.8213333333333495 3.8213333333333495 3.8213333333333495 3.8213333333333495 3.8213333333333495 3.8213333333333495 3.8213333333333495 3.8213333333333495 3.8213333333333495 3.8213333333333495 3.8213333333333495 3.8213333333333495 3.8213333333333495 3.8213333333333495 3.8213333333333495 3.8213333333333495 3.8213333333333495 2.9106666666666783 1.0000000000000036 0.0 0.0 0.0 0.0 0.0 0.0 0.0 0.0 0.0 0.0 0.0 0.0 0.0 0.0 0.0 0.0 0.0 0.0 0.0 
0.0 0.0 0.0 0.0 0.0 0.0 0.0 0.0 0.0 0.0 0.0 0.0 0.0 0.0 0.0 0.0 0.0 0.9106666666666676 2.8213333333333352 3.8213333333333352 3.8213333333333352 3.8213333333333352 3.8213333333333352 3.8213333333333352 3.8213333333333352 3.8213333333333352 3.8213333333333352 3.8213333333333352 3.8213333333333352 3.8213333333333352 3.8213333333333352 3.8213333333333352 3.8213333333333352 3.8213333333333352 3.8213333333333352 3.8213333333333352 3.8213333333333352 3.8213333333333352 3.8213333333333352 3.8213333333333352 3.8213333333333352 3.8213333333333352 3.8213333333333352 2.9106666666666676 1.0 0.0 0.0 0.0 0.0 0.0 0.0 0.0 0.0 0.0 0.0 0.0 0.0 0.0 0.0 0.0 0.0 0.0 0.0 0.0 
0.0 0.0 0.0 0.0 0.0 0.0 0.0 0.0 0.0 0.0 0.0 0.0 0.0 0.0 0.0 0.0 0.0 0.9106666666666676 2.8213333333333352 3.8213333333333352 3.8213333333333352 3.8213333333333352 3.8213333333333352 3.8213333333333352 3.8213333333333352 3.8213333333333352 3.8213333333333352 3.8213333333333352 3.8213333333333352 3.8213333333333352 3.8213333333333352 3.8213333333333352 3.8213333333333352 3.8213333333333352 3.8213333333333352 3.8213333333333352 3.8213333333333352 3.8213333333333352 3.8213333333333352 3.8213333333333352 3.8213333333333352 3.8213333333333352 3.8213333333333352 2.9106666666666676 1.0 0.0 0.0 0.0 0.0 0.0 0.0 0.0 0.0 0.0 0.0 0.0 0.0 0.0 0.0 0.0 0.0 0.0 0.0 0.0 
0.0 0.0 0.0 0.0 0.0 0.0 0.0 0.0 0.0 0.0 0.0 0.0 0.0 0.0 0.0 0.0 0.0 0.9106666666666676 2.8213333333333352 3.8213333333333352 3.8213333333333352 3.8213333333333352 3.8213333333333352 3.8213333333333352 3.8213333333333352 3.8213333333333352 3.8213333333333352 3.8213333333333352 3.8213333333333352 3.8213333333333352 3.8213333333333352 3.8213333333333352 3.8213333333333352 3.8213333333333352 3.8213333333333352 3.8213333333333352 3.8213333333333352 3.8213333333333352 3.8213333333333352 3.8213333333333352 3.8213333333333352 3.8213333333333352 3.8213333333333352 2.9106666666666676 1.0 0.0 0.0 0.0 0.0 0.0 0.0 0.0 0.0 0.0 0.0 0.0 0.0 0.0 0.0 0.0 0.0 0.0 0.0 0.0 
0.0 0.0 0.0 0.0 0.0 0.0 0.0 0.0 0.0 0.0 0.0 0.0 0.0 0.0 0.0 0.0 0.0 0.9106666666666676 2.8213333333333317 3.821333333333328 3.821333333333328 3.821333333333328 3.821333333333328 3.821333333333328 3.821333333333328 3.821333333333328 3.821333333333328 3.821333333333328 3.821333333333328 3.821333333333328 3.821333333333328 3.821333333333328 3.821333333333328 3.821333333333328 3.821333333333328 3.821333333333328 3.821333333333328 3.821333333333328 3.821333333333328 3.821333333333328 3.821333333333328 3.821333333333328 3.821333333333328 2.9106666666666605 0.9999999999999964 0.0 0.0 0.0 0.0 0.0 0.0 0.0 0.0 0.0 0.0 0.0 0.0 0.0 0.0 0.0 0.0 0.0 0.0 0.0 
0.0 0.0 0.0 0.0 0.0 0.0 0.0 0.0 0.0 0.0 0.0 0.0 0.0 0.0 0.0 0.0 0.0 0.9106666666666712 2.8213333333333424 3.8213333333333424 3.8213333333333424 3.8213333333333424 3.8213333333333424 3.8213333333333424 3.8213333333333424 3.8213333333333424 3.8213333333333424 3.8213333333333424 3.8213333333333424 3.8213333333333424 3.8213333333333424 3.8213333333333424 3.8213333333333424 3.8213333333333424 3.8213333333333424 3.8213333333333424 3.8213333333333424 3.8213333333333424 3.8213333333333424 3.8213333333333424 3.8213333333333424 3.8213333333333424 3.8213333333333424 2.910666666666671 1.0 0.0 0.0 0.0 0.0 0.0 0.0 0.0 0.0 0.0 0.0 0.0 0.0 0.0 0.0 0.0 0.0 0.0 0.0 0.0 
0.0 0.0 0.0 0.0 0.0 0.0 0.0 0.0 0.0 0.0 0.0 0.0 0.0 0.0 0.0 0.0 0.0 0.9106666666666712 2.8213333333333424 3.8213333333333424 3.8213333333333424 3.8213333333333424 3.8213333333333424 3.8213333333333424 3.8213333333333424 3.8213333333333424 3.8213333333333424 3.8213333333333424 3.8213333333333424 3.8213333333333424 3.8213333333333424 3.8213333333333424 3.8213333333333424 3.8213333333333424 3.8213333333333424 3.8213333333333424 3.8213333333333424 3.8213333333333424 3.8213333333333424 3.8213333333333424 3.8213333333333424 3.8213333333333424 3.8213333333333424 2.910666666666671 1.0 0.0 0.0 0.0 0.0 0.0 0.0 0.0 0.0 0.0 0.0 0.0 0.0 0.0 0.0 0.0 0.0 0.0 0.0 0.0 
0.0 0.0 0.0 0.0 0.0 0.0 0.0 0.0 0.0 0.0 0.0 0.0 0.0 0.0 0.0 0.0 0.0 0.9106666666666712 2.8213333333333424 3.8213333333333424 3.8213333333333424 3.8213333333333424 3.8213333333333424 3.8213333333333424 3.8213333333333424 3.8213333333333424 3.8213333333333424 3.8213333333333424 3.8213333333333424 3.8213333333333424 3.8213333333333424 3.8213333333333424 3.8213333333333424 3.8213333333333424 3.8213333333333424 3.8213333333333424 3.8213333333333424 3.8213333333333424 3.8213333333333424 3.8213333333333424 3.8213333333333424 3.8213333333333424 3.8213333333333424 2.910666666666671 1.0 0.0 0.0 0.0 0.0 0.0 0.0 0.0 0.0 0.0 0.0 0.0 0.0 0.0 0.0 0.0 0.0 0.0 0.0 0.0 
0.0 0.0 0.0 0.0 0.0 0.0 0.0 0.0 0.0 0.0 0.0 0.0 0.0 0.0 0.0 0.0 0.0 0.9106666666666712 2.8213333333333424 3.8213333333333424 3.8213333333333424 3.8213333333333424 3.8213333333333424 3.8213333333333424 3.8213333333333424 3.8213333333333424 3.8213333333333424 3.8213333333333424 3.8213333333333424 3.8213333333333424 3.8213333333333424 3.8213333333333424 3.8213333333333424 3.8213333333333424 3.8213333333333424 3.8213333333333424 3.8213333333333424 3.8213333333333424 3.8213333333333424 3.8213333333333424 3.8213333333333424 3.8213333333333424 3.8213333333333424 2.910666666666671 1.0 0.0 0.0 0.0 0.0 0.0 0.0 0.0 0.0 0.0 0.0 0.0 0.0 0.0 0.0 0.0 0.0 0.0 0.0 0.0 
0.0 0.0 0.0 0.0 0.0 0.0 0.0 0.0 0.0 0.0 0.0 0.0 0.0 0.0 0.0 0.0 0.0 0.9106666666666712 2.8213333333333424 3.8213333333333424 3.8213333333333424 3.8213333333333424 3.8213333333333424 3.8213333333333424 3.8213333333333424 3.8213333333333424 3.8213333333333424 3.8213333333333424 3.8213333333333424 3.8213333333333424 3.8213333333333424 3.8213333333333424 3.8213333333333424 3.8213333333333424 3.8213333333333424 3.8213333333333424 3.8213333333333424 3.8213333333333424 3.8213333333333424 3.8213333333333424 3.8213333333333424 3.8213333333333424 3.8213333333333424 2.910666666666671 1.0 0.0 0.0 0.0 0.0 0.0 0.0 0.0 0.0 0.0 0.0 0.0 0.0 0.0 0.0 0.0 0.0 0.0 0.0 0.0 
0.0 0.0 0.0 0.0 0.0 0.0 0.0 0.0 0.0 0.0 0.0 0.0 0.0 0.0 0.0 0.0 0.0 0.9106666666666712 2.8213333333333424 3.8213333333333424 3.8213333333333424 3.8213333333333424 3.8213333333333424 3.8213333333333424 3.8213333333333424 3.8213333333333424 3.8213333333333424 3.8213333333333424 3.8213333333333424 3.8213333333333424 3.8213333333333424 3.8213333333333424 3.8213333333333424 3.8213333333333424 3.8213333333333424 3.8213333333333424 3.8213333333333424 3.8213333333333424 3.8213333333333424 3.8213333333333424 3.8213333333333424 3.8213333333333424 3.8213333333333424 2.910666666666671 1.0 0.0 0.0 0.0 0.0 0.0 0.0 0.0 0.0 0.0 0.0 0.0 0.0 0.0 0.0 0.0 0.0 0.0 0.0 0.0 
0.0 0.0 0.0 0.0 0.0 0.0 0.0 0.0 0.0 0.0 0.0 0.0 0.0 0.0 0.0 0.0 0.0 0.9106666666666712 2.8213333333333424 3.8213333333333424 3.8213333333333424 3.8213333333333424 3.8213333333333424 3.8213333333333424 3.8213333333333424 3.8213333333333424 3.8213333333333424 3.8213333333333424 3.8213333333333424 3.8213333333333424 3.8213333333333424 3.8213333333333424 3.8213333333333424 3.8213333333333424 3.8213333333333424 3.8213333333333424 3.8213333333333424 3.8213333333333424 3.8213333333333424 3.8213333333333424 3.8213333333333424 3.8213333333333424 3.8213333333333424 2.910666666666671 1.0 0.0 0.0 0.0 0.0 0.0 0.0 0.0 0.0 0.0 0.0 0.0 0.0 0.0 0.0 0.0 0.0 0.0 0.0 0.0 
0.0 0.0 0.0 0.0 0.0 0.0 0.0 0.0 0.0 0.0 0.0 0.0 0.0 0.0 0.0 0.0 0.0 0.9106666666666712 2.8213333333333424 3.8213333333333424 3.8213333333333424 3.8213333333333424 3.8213333333333424 3.8213333333333424 3.8213333333333424 3.8213333333333424 3.8213333333333424 3.8213333333333424 3.8213333333333424 3.8213333333333424 3.8213333333333424 3.8213333333333424 3.8213333333333424 3.8213333333333424 3.8213333333333424 3.8213333333333424 3.8213333333333424 3.8213333333333424 3.8213333333333424 3.8213333333333424 3.8213333333333424 3.8213333333333424 3.8213333333333424 2.910666666666671 1.0 0.0 0.0 0.0 0.0 0.0 0.0 0.0 0.0 0.0 0.0 0.0 0.0 0.0 0.0 0.0 0.0 0.0 0.0 0.0 
0.0 0.0 0.0 0.0 0.0 0.0 0.0 0.0 0.0 0.0 0.0 0.0 0.0 0.0 0.0 0.0 0.0 0.9106666666666712 2.8213333333333424 3.8213333333333424 3.8213333333333424 3.8213333333333424 3.8213333333333424 3.8213333333333424 3.8213333333333424 3.8213333333333424 3.8213333333333424 3.8213333333333424 3.8213333333333424 3.8213333333333424 3.8213333333333424 3.8213333333333424 3.8213333333333424 3.8213333333333424 3.8213333333333424 3.8213333333333424 3.8213333333333424 3.8213333333333424 3.8213333333333424 3.8213333333333424 3.8213333333333424 3.8213333333333424 3.8213333333333424 2.910666666666671 1.0 0.0 0.0 0.0 0.0 0.0 0.0 0.0 0.0 0.0 0.0 0.0 0.0 0.0 0.0 0.0 0.0 0.0 0.0 0.0 
0.0 0.0 0.0 0.0 0.0 0.0 0.0 0.0 0.0 0.0 0.0 0.0 0.0 0.0 0.0 0.0 0.0 0.9106666666666712 2.8213333333333424 3.8213333333333424 3.8213333333333424 3.8213333333333424 3.8213333333333424 3.8213333333333424 3.8213333333333424 3.8213333333333424 3.8213333333333424 3.8213333333333424 3.8213333333333424 3.8213333333333424 3.8213333333333424 3.8213333333333424 3.8213333333333424 3.8213333333333424 3.8213333333333424 3.8213333333333424 3.8213333333333424 3.8213333333333424 3.8213333333333424 3.8213333333333424 3.8213333333333424 3.8213333333333424 3.8213333333333424 2.910666666666671 1.0 0.0 0.0 0.0 0.0 0.0 0.0 0.0 0.0 0.0 0.0 0.0 0.0 0.0 0.0 0.0 0.0 0.0 0.0 0.0 
0.0 0.0 0.0 0.0 0.0 0.0 0.0 0.0 0.0 0.0 0.0 0.0 0.0 0.0 0.0 0.0 0.0 0.9106666666666712 2.776666666666678 3.7320000000000135 3.7320000000000135 3.7320000000000135 3.7320000000000135 3.7320000000000135 3.7320000000000135 3.7320000000000135 3.7320000000000135 3.7320000000000135 3.7320000000000135 3.7320000000000135 3.7320000000000135 3.7320000000000135 3.7320000000000135 3.7320000000000135 3.7320000000000135 3.7320000000000135 3.7320000000000135 3.7320000000000135 3.7320000000000135 3.7320000000000135 3.7320000000000135 3.7320000000000135 3.7320000000000135 2.8213333333333424 0.9553333333333356 0.0 0.0 0.0 0.0 0.0 0.0 0.0 0.0 0.0 0.0 0.0 0.0 0.0 0.0 0.0 0.0 0.0 0.0 0.0 
0.0 0.0 0.0 0.0 0.0 0.0 0.0 0.0 0.0 0.0 0.0 0.0 0.0 0.0 0.0 0.0 0.0 0.4553333333333356 1.3660000000000068 1.8213333333333424 1.8213333333333424 1.8213333333333424 1.8213333333333424 1.8213333333333424 1.8213333333333424 1.8213333333333424 1.8213333333333424 1.8213333333333424 1.8213333333333424 1.8213333333333424 1.8213333333333424 1.8213333333333424 1.8213333333333424 1.8213333333333424 1.8213333333333424 1.8213333333333424 1.8213333333333424 1.8213333333333424 1.8213333333333424 1.8213333333333424 1.8213333333333424 1.8213333333333424 1.8213333333333424 1.3660000000000068 0.4553333333333356 0.0 0.0 0.0 0.0 0.0 0.0 0.0 0.0 0.0 0.0 0.0 0.0 0.0 0.0 0.0 0.0 0.0 0.0 0.0 
0.0 0.0 0.0 0.0 0.0 0.0 0.0 0.0 0.0 0.0 0.0 0.0 0.0 0.0 0.0 0.0 0.0 0.0 0.0 0.0 0.0 0.0 0.0 0.0 0.0 0.0 0.0 0.0 0.0 0.0 0.0 0.0 0.0 0.0 0.0 0.0 0.0 0.0 0.0 0.0 0.0 0.0 0.0 0.0 0.0 0.0 0.0 0.0 0.0 0.0 0.0 0.0 0.0 0.0 0.0 0.0 0.0 0.0 0.0 0.0 0.0 0.0 0.0 0.0 
0.0 0.0 0.0 0.0 0.0 0.0 0.0 0.0 0.0 0.0 0.0 0.0 0.0 0.0 0.0 0.0 0.0 0.0 0.0 0.0 0.0 0.0 0.0 0.0 0.0 0.0 0.0 0.0 0.0 0.0 0.0 0.0 0.0 0.0 0.0 0.0 0.0 0.0 0.0 0.0 0.0 0.0 0.0 0.0 0.0 0.0 0.0 0.0 0.0 0.0 0.0 0.0 0.0 0.0 0.0 0.0 0.0 0.0 0.0 0.0 0.0 0.0 0.0 0.0 
0.0 0.0 0.0 0.0 0.0 0.0 0.0 0.0 0.0 0.0 0.0 0.0 0.0 0.0 0.0 0.0 0.0 0.0 0.0 0.0 0.0 0.0 0.0 0.0 0.0 0.0 0.0 0.0 0.0 0.0 0.0 0.0 0.0 0.0 0.0 0.0 0.0 0.0 0.0 0.0 0.0 0.0 0.0 0.0 0.0 0.0 0.0 0.0 0.0 0.0 0.0 0.0 0.0 0.0 0.0 0.0 0.0 0.0 0.0 0.0 0.0 0.0 0.0 0.0 
0.0 0.0 0.0 0.0 0.0 0.0 0.0 0.0 0.0 0.0 0.0 0.0 0.0 0.0 0.0 0.0 0.0 0.0 0.0 0.0 0.0 0.0 0.0 0.0 0.0 0.0 0.0 0.0 0.0 0.0 0.0 0.0 0.0 0.0 0.0 0.0 0.0 0.0 0.0 0.0 0.0 0.0 0.0 0.0 0.0 0.0 0.0 0.0 0.0 0.0 0.0 0.0 0.0 0.0 0.0 0.0 0.0 0.0 0.0 0.0 0.0 0.0 0.0 0.0 
0.0 0.0 0.0 0.0 0.0 0.0 0.0 0.0 0.0 0.0 0.0 0.0 0.0 0.0 0.0 0.0 0.0 0.0 0.0 0.0 0.0 0.0 0.0 0.0 0.0 0.0 0.0 0.0 0.0 0.0 0.0 0.0 0.0 0.0 0.0 0.0 0.0 0.0 0.0 0.0 0.0 0.0 0.0 0.0 0.0 0.0 0.0 0.0 0.0 0.0 0.0 0.0 0.0 0.0 0.0 0.0 0.0 0.0 0.0 0.0 0.0 0.0 0.0 0.0 
0.0 0.0 0.0 0.0 0.0 0.0 0.0 0.0 0.0 0.0 0.0 0.0 0.0 0.0 0.0 0.0 0.0 0.0 0.0 0.0 0.0 0.0 0.0 0.0 0.0 0.0 0.0 0.0 0.0 0.0 0.0 0.0 0.0 0.0 0.0 0.0 0.0 0.0 0.0 0.0 0.0 0.0 0.0 0.0 0.0 0.0 0.0 0.0 0.0 0.0 0.0 0.0 0.0 0.0 0.0 0.0 0.0 0.0 0.0 0.0 0.0 0.0 0.0 0.0 
0.0 0.0 0.0 0.0 0.0 0.0 0.0 0.0 0.0 0.0 0.0 0.0 0.0 0.0 0.0 0.0 0.0 0.0 0.0 0.0 0.0 0.0 0.0 0.0 0.0 0.0 0.0 0.0 0.0 0.0 0.0 0.0 0.0 0.0 0.0 0.0 0.0 0.0 0.0 0.0 0.0 0.0 0.0 0.0 0.0 0.0 0.0 0.0 0.0 0.0 0.0 0.0 0.0 0.0 0.0 0.0 0.0 0.0 0.0 0.0 0.0 0.0 0.0 0.0 
0.0 0.0 0.0 0.0 0.0 0.0 0.0 0.0 0.0 0.0 0.0 0.0 0.0 0.0 0.0 0.0 0.0 0.0 0.0 0.0 0.0 0.0 0.0 0.0 0.0 0.0 0.0 0.0 0.0 0.0 0.0 0.0 0.0 0.0 0.0 0.0 0.0 0.0 0.0 0.0 0.0 0.0 0.0 0.0 0.0 0.0 0.0 0.0 0.0 0.0 0.0 0.0 0.0 0.0 0.0 0.0 0.0 0.0 0.0 0.0 0.0 0.0 0.0 0.0 
0.0 0.0 0.0 0.0 0.0 0.0 0.0 0.0 0.0 0.0 0.0 0.0 0.0 0.0 0.0 0.0 0.0 0.0 0.0 0.0 0.0 0.0 0.0 0.0 0.0 0.0 0.0 0.0 0.0 0.0 0.0 0.0 0.0 0.0 0.0 0.0 0.0 0.0 0.0 0.0 0.0 0.0 0.0 0.0 0.0 0.0 0.0 0.0 0.0 0.0 0.0 0.0 0.0 0.0 0.0 0.0 0.0 0.0 0.0 0.0 0.0 0.0 0.0 0.0 
0.0 0.0 0.0 0.0 0.0 0.0 0.0 0.0 0.0 0.0 0.0 0.0 0.0 0.0 0.0 0.0 0.0 0.0 0.0 0.0 0.0 0.0 0.0 0.0 0.0 0.0 0.0 0.0 0.0 0.0 0.0 0.0 0.0 0.0 0.0 0.0 0.0 0.0 0.0 0.0 0.0 0.0 0.0 0.0 0.0 0.0 0.0 0.0 0.0 0.0 0.0 0.0 0.0 0.0 0.0 0.0 0.0 0.0 0.0 0.0 0.0 0.0 0.0 0.0 
0.0 0.0 0.0 0.0 0.0 0.0 0.0 0.0 0.0 0.0 0.0 0.0 0.0 0.0 0.0 0.0 0.0 0.0 0.0 0.0 0.0 0.0 0.0 0.0 0.0 0.0 0.0 0.0 0.0 0.0 0.0 0.0 0.0 0.0 0.0 0.0 0.0 0.0 0.0 0.0 0.0 0.0 0.0 0.0 0.0 0.0 0.0 0.0 0.0 0.0 0.0 0.0 0.0 0.0 0.0 0.0 0.0 0.0 0.0 0.0 0.0 0.0 0.0 0.0 
0.0 0.0 0.0 0.0 0.0 0.0 0.0 0.0 0.0 0.0 0.0 0.0 0.0 0.0 0.0 0.0 0.0 0.0 0.0 0.0 0.0 0.0 0.0 0.0 0.0 0.0 0.0 0.0 0.0 0.0 0.0 0.0 0.0 0.0 0.0 0.0 0.0 0.0 0.0 0.0 0.0 0.0 0.0 0.0 0.0 0.0 0.0 0.0 0.0 0.0 0.0 0.0 0.0 0.0 0.0 0.0 0.0 0.0 0.0 0.0 0.0 0.0 0.0 0.0 
0.0 0.0 0.0 0.0 0.0 0.0 0.0 0.0 0.0 0.0 0.0 0.0 0.0 0.0 0.0 0.0 0.0 0.0 0.0 0.0 0.0 0.0 0.0 0.0 0.0 0.0 0.0 0.0 0.0 0.0 0.0 0.0 0.0 0.0 0.0 0.0 0.0 0.0 0.0 0.0 0.0 0.0 0.0 0.0 0.0 0.0 0.0 0.0 0.0 0.0 0.0 0.0 0.0 0.0 0.0 0.0 0.0 0.0 0.0 0.0 0.0 0.0 0.0 0.0 
0.0 0.0 0.0 0.0 0.0 0.0 0.0 0.0 0.0 0.0 0.0 0.0 0.0 0.0 0.0 0.0 0.0 0.0 0.0 0.0 0.0 0.0 0.0 0.0 0.0 0.0 0.0 0.0 0.0 0.0 0.0 0.0 0.0 0.0 0.0 0.0 0.0 0.0 0.0 0.0 0.0 0.0 0.0 0.0 0.0 0.0 0.0 0.0 0.0 0.0 0.0 0.0 0.0 0.0 0.0 0.0 0.0 0.0 0.0 0.0 0.0 0.0 0.0 0.0 
0.0 0.0 0.0 0.0 0.0 0.0 0.0 0.0 0.0 0.0 0.0 0.0 0.0 0.0 0.0 0.0 0.0 0.0 0.0 0.0 0.0 0.0 0.0 0.0 0.0 0.0 0.0 0.0 0.0 0.0 0.0 0.0 0.0 0.0 0.0 0.0 0.0 0.0 0.0 0.0 0.0 0.0 0.0 0.0 0.0 0.0 0.0 0.0 0.0 0.0 0.0 0.0 0.0 0.0 0.0 0.0 0.0 0.0 0.0 0.0 0.0 0.0 0.0 0.0 
0.0 0.0 0.0 0.0 0.0 0.0 0.0 0.0 0.0 0.0 0.0 0.0 0.0 0.0 0.0 0.0 0.0 0.0 0.0 0.0 0.0 0.0 0.0 0.0 0.0 0.0 0.0 0.0 0.0 0.0 0.0 0.0 0.0 0.0 0.0 0.0 0.0 0.0 0.0 0.0 0.0 0.0 0.0 0.0 0.0 0.0 0.0 0.0 0.0 0.0 0.0 0.0 0.0 0.0 0.0 0.0 0.0 0.0 0.0 0.0 0.0 0.0 0.0 0.0 
0.0 0.0 0.0 0.0 0.0 0.0 0.0 0.0 0.0 0.0 0.0 0.0 0.0 0.0 0.0 0.0 0.0 0.0 0.0 0.0 0.0 0.0 0.0 0.0 0.0 0.0 0.0 0.0 0.0 0.0 0.0 0.0 0.0 0.0 0.0 0.0 0.0 0.0 0.0 0.0 0.0 0.0 0.0 0.0 0.0 0.0 0.0 0.0 0.0 0.0 0.0 0.0 0.0 0.0 0.0 0.0 0.0 0.0 0.0 0.0 0.0 0.0 0.0 0.0 
0.0 0.0 0.0 0.0 0.0 0.0 0.0 0.0 0.0 0.0 0.0 0.0 0.0 0.0 0.0 0.0 0.0 0.0 0.0 0.0 0.0 0.0 0.0 0.0 0.0 0.0 0.0 0.0 0.0 0.0 0.0 0.0 0.0 0.0 0.0 0.0 0.0 0.0 0.0 0.0 0.0 0.0 0.0 0.0 0.0 0.0 0.0 0.0 0.0 0.0 0.0 0.0 0.0 0.0 0.0 0.0 0.0 0.0 0.0 0.0 0.0 0.0 0.0 0.0 
0.0 0.0 0.0 0.0 0.0 0.0 0.0 0.0 0.0 0.0 0.0 0.0 0.0 0.0 0.0 0.0 0.0 0.0 0.0 0.0 0.0 0.0 0.0 0.0 0.0 0.0 0.0 0.0 0.0 0.0 0.0 0.0 0.0 0.0 0.0 0.0 0.0 0.0 0.0 0.0 0.0 0.0 0.0 0.0 0.0 0.0 0.0 0.0 0.0 0.0 0.0 0.0 0.0 0.0 0.0 0.0 0.0 0.0 0.0 0.0 0.0 0.0 0.0 0.0 
0.0 0.0 0.0 0.0 0.0 0.0 0.0 0.0 0.0 0.0 0.0 0.0 0.0 0.0 0.0 0.0 0.0 0.0 0.0 0.0 0.0 0.0 0.0 0.0 0.0 0.0 0.0 0.0 0.0 0.0 0.0 0.0 0.0 0.0 0.0 0.0 0.0 0.0 0.0 0.0 0.0 0.0 0.0 0.0 0.0 0.0 0.0 0.0 0.0 0.0 0.0 0.0 0.0 0.0 0.0 0.0 0.0 0.0 0.0 0.0 0.0 0.0 0.0 0.0 
